1	永湖	3	29	(荷坳,597,621,365,3)|(双龙,563,620,1309,3)|(横岗,509,534,470,3)|(布吉,402,314,1479,3-5)|(龙城广场,389,399,980,3)|(塘坑,384,396,569,3)|(南联,350,329,1100,3)|(大运,344,340,522,3)|(大芬,323,350,1209,3)|(老街,307,333,2338,3)|(草埔,279,235,1807,3)|(丹竹头,275,277,1041,3)|(吉祥,253,233,802,3)|(木棉湾,243,298,1203,3)|(罗湖,240,210,2647,1)|(爱联,196,205,767,3)|(深圳北,187,181,3071,4-5)|(华新,174,198,2667,3)|(五和,161,153,2630,5)|(翠竹,158,148,2146,3)|(国贸,149,92,2620,1)|(田贝,147,149,1961,3)|(晒布,132,130,2263,3)|(民治,128,128,2983,5)|(六约,115,121,758,3)|(益田,107,125,3513,3)|(华强路,94,118,2843,1)|(大剧院,93,122,2627,1-2)|(长龙,90,91,1984,5)
2	黄贝岭	5	28	(华强北,556,526,706,2)|(大剧院,474,611,733,1-2)|(布吉,432,456,1168,3-5)|(五和,340,304,1832,5)|(布心,330,330,749,5)|(深圳北,322,298,2374,4-5)|(民治,302,284,2034,5)|(长龙,299,290,1183,5)|(下水径,280,293,1311,5)|(燕南,243,265,694,2)|(太安,236,223,683,5)|(怡景,208,201,459,5)|(岗厦北,197,201,1028,2)|(湖贝,195,172,376,2)|(杨美,185,188,1643,5)|(福田,176,176,1199,3)|(坂田,168,181,1729,5)|(景田,157,160,1563,2)|(新秀,138,119,410,2)|(百鸽笼,134,133,944,5)|(世界之窗,133,144,2415,1)|(丹竹头,114,112,1766,3)|(罗湖,113,130,1327,1)|(龙华,110,102,3237,4)|(益田,110,111,1794,3)|(西丽,107,102,2936,5)|(莲花西,104,108,1325,2)|(侨香,102,106,1920,2)
3	塘尾	11	28	(碧海湾,575,616,1465,11)|(南山,502,496,1964,11)|(松岗,412,398,1058,11)|(沙井,402,410,548,11)|(深圳北,360,292,4376,4-5)|(宝安,320,310,1583,11)|(桥头,236,181,522,11)|(机场,233,245,1045,11)|(大新,212,192,2639,1)|(后亭,201,199,919,11)|(罗湖,188,150,4436,1)|(福永,186,169,752,11)|(老街,186,185,4244,3)|(福田,183,172,2957,3)|(后海,179,222,2420,2-11)|(灵芝,173,176,2570,5)|(桃园,156,160,2326,1)|(五和,153,149,4390,5)|(碧头,146,133,1142,11)|(马鞍山,135,143,3278,11)|(民治,127,129,4138,5)|(华强路,126,192,3626,1)|(西丽,121,125,3223,5)|(深大,117,142,2636,1)|(兴东,112,123,2778,5)|(黄贝岭,110,115,5252,5)|(洪浪北,102,125,2689,5)|(翻身,98,100,2516,5)
4	荷坳	3	28	(横岗,1005,972,468,3)|(永湖,452,501,365,3)|(双龙,421,452,1099,3)|(布吉,371,305,1781,3-5)|(老街,365,362,2538,3)|(大芬,329,361,1284,3)|(丹竹头,299,307,1099,3)|(塘坑,295,276,687,3)|(南联,291,285,1031,3)|(草埔,289,245,1766,3)|(龙城广场,275,268,830,3)|(大运,251,264,379,3)|(爱联,233,232,546,3)|(罗湖,231,189,2894,1)|(木棉湾,205,262,1370,3)|(吉祥,189,187,637,3)|(华新,184,219,2909,3)|(翠竹,181,155,2119,3)|(国贸,180,95,2687,1)|(深圳北,170,155,3363,4-5)|(五和,163,178,2918,5)|(六约,151,160,853,3)|(田贝,146,140,2129,3)|(大剧院,140,168,2748,1-2)|(益田,134,155,3684,3)|(晒布,132,138,2409,3)|(民治,128,131,3217,5)|(福田,118,112,3432,3)
5	福民	4	28	(福田口岸,2417,1458,373,4)|(会展中心,667,283,449,1)|(深圳北,444,487,1468,4-5)|(龙华,303,332,1815,4)|(老街,286,357,1349,3)|(上梅林,266,235,826,4)|(民乐,239,261,986,4)|(少年宫,238,314,582,3-4)|(白石龙,237,236,1180,4)|(国贸,206,163,1303,1)|(购物公园,205,269,742,1-3)|(清湖,203,258,2090,4)|(罗湖,196,267,1741,1)|(华强路,196,360,900,1)|(大剧院,180,264,1292,1-2)|(五和,146,139,2114,5)|(莲花北,144,194,697,4)|(红山,123,121,1466,4)|(民治,122,116,1969,5)|(市民中心,116,154,424,2-4)|(上塘,115,133,1648,4)|(龙胜,111,195,1745,4)|(岗厦,107,146,599,1)|(华强北,99,122,1244,2)|(世界之窗,85,117,1650,1)|(湖贝,75,93,1620,2)|(竹子林,71,110,1121,1)|(黄贝岭,70,82,1806,5)
6	上梅林	4	28	(深圳北,696,602,800,4-5)|(龙华,534,529,1287,4)|(会展中心,453,294,794,1)|(民乐,439,503,596,4)|(白石龙,425,386,682,4)|(清湖,368,412,1466,4)|(福田口岸,329,190,1087,4)|(少年宫,258,298,567,3-4)|(红山,257,227,987,4)|(上塘,234,254,1048,4)|(龙胜,232,343,1183,4)|(五和,226,190,1679,5)|(福民,218,263,826,4)|(民治,187,153,1265,5)|(老街,157,149,1779,3)|(石厦,157,151,1322,3)|(大剧院,156,192,1620,1-2)|(市民中心,143,147,629,2-4)|(莲花北,130,212,549,4)|(华强北,120,114,1290,2)|(岗厦,117,147,1161,1)|(购物公园,116,132,1345,1-3)|(华强路,113,181,1242,1)|(益田,113,128,1279,3)|(黄贝岭,112,102,1903,5)|(福田,110,110,1025,3)|(布吉,100,92,2507,3-5)|(坂田,97,95,1624,5)
7	水湾	2	26	(世界之窗,724,810,1577,1)|(海月,493,515,800,2)|(科苑,437,435,1000,2)|(后海,304,326,944,2-11)|(东角头,297,345,444,2)|(登良,256,219,712,2)|(深圳北,238,197,3972,4-5)|(景田,221,232,2690,2)|(白石洲,215,265,1738,1)|(红树湾,210,224,1219,2)|(侨城北,204,200,1603,2)|(湾厦,202,204,500,2)|(大剧院,188,205,3376,1-2)|(海上世界,179,152,388,2)|(蛇口港,175,176,468,2)|(赤湾,164,163,664,2)|(福田,160,144,2566,3)|(坪洲,149,159,3092,1)|(华强北,147,114,3017,2)|(黄贝岭,135,141,3599,5)|(罗湖,125,108,3606,1)|(香梅北,118,126,2118,2)|(高新园,112,96,1707,1)|(湖贝,104,91,3426,2)|(龙华,102,105,4522,4)|(侨香,87,93,1875,2)
8	上水径	5	28	(五和,531,525,621,5)|(民治,521,481,896,5)|(深圳北,470,465,1074,4-5)|(西丽,345,342,1772,5)|(坂田,340,308,511,5)|(杨美,325,338,393,5)|(长龙,317,359,562,5)|(布吉,310,328,749,3-5)|(黄贝岭,304,316,1447,5)|(华强北,298,277,2135,2)|(大剧院,255,310,2051,1-2)|(怡景,250,242,1200,5)|(大学城,244,220,1674,5)|(布心,201,201,888,5)|(湖贝,189,145,1851,2)|(老街,184,213,2030,3)|(上梅林,156,132,2049,4)|(灵芝,154,157,2467,5)|(太安,150,156,1106,5)|(会展中心,137,101,2779,1)|(下水径,110,153,389,5)|(燕南,107,109,2084,2)|(洪浪北,105,105,2580,5)|(兴东,105,92,2085,5)|(留仙洞,99,99,1971,5)|(百鸽笼,98,98,856,5)|(罗湖,98,91,2477,1)|(龙华,94,87,2278,4)
9	湾厦	2	27	(海月,562,591,384,2)|(世界之窗,547,625,1050,1)|(海上世界,464,381,671,2)|(东角头,458,475,416,2)|(科苑,388,384,765,2)|(水湾,352,333,500,2)|(后海,336,465,619,2-11)|(红树湾,248,238,889,2)|(景田,247,233,2115,2)|(登良,240,263,461,2)|(大剧院,233,255,3010,1-2)|(福田,213,189,2288,3)|(侨城北,170,156,1261,2)|(华强北,165,131,2708,2)|(白石洲,164,177,1307,1)|(香梅北,136,141,1837,2)|(深圳北,132,130,3708,4-5)|(大新,120,109,1870,1)|(黄贝岭,118,119,3125,5)|(莲花西,114,91,2069,2)|(南山,104,107,1194,11)|(岗厦北,103,97,2480,2)|(侨香,101,110,1610,2)|(坪洲,98,102,2908,1)|(蛇口港,98,100,1003,2)|(桃园,95,90,2131,1)|(老街,93,90,3461,3)
10	莲花西	2	26	(华强北,531,450,759,2)|(大剧院,489,569,1030,1-2)|(黄贝岭,371,373,1325,5)|(湖贝,341,320,1217,2)|(岗厦北,267,280,647,2)|(世界之窗,255,275,1351,1)|(景田,252,251,399,2)|(香梅北,224,201,517,2)|(燕南,216,207,902,2)|(侨香,203,228,829,2)|(福田,197,198,386,3)|(深圳北,180,153,1792,4-5)|(龙华,173,180,2458,4)|(老街,167,130,1514,3)|(新秀,155,181,1713,2)|(布心,145,163,2008,5)|(布吉,130,130,2386,3-5)|(怡景,129,138,1708,5)|(石厦,125,127,911,3)|(购物公园,122,104,1052,1-3)|(科苑,120,135,1666,2)|(白石龙,112,98,1509,4)|(丹竹头,110,115,2811,3)|(香蜜,107,123,647,2)|(草埔,106,108,2211,3)|(深康,101,128,1047,2)
11	西乡	1	26	(固戍,1256,601,632,1)|(后瑞,758,562,718,1)|(深大,683,598,1461,1)|(机场东,420,492,907,1)|(桃园,406,516,1327,1)|(坪洲,356,342,470,1)|(高新园,349,389,1644,1)|(大新,328,389,1132,1)|(宝体,296,331,464,1)|(宝安中心,262,353,810,1)|(深圳北,252,262,2638,4-5)|(兴东,203,229,1228,5)|(西丽,190,200,1757,5)|(灵芝,188,227,1050,5)|(翻身,147,180,1161,5)|(五和,141,166,2971,5)|(民治,138,152,2864,5)|(宝华,136,136,1154,5)|(白石洲,132,186,1685,1)|(大学城,130,118,1829,5)|(洪浪北,126,137,1187,5)|(华强路,124,196,3124,1)|(罗湖,112,127,3754,1)|(老街,99,130,3557,3)|(世界之窗,99,158,1860,1)|(购物公园,86,102,2703,1-3)
12	登良	2	29	(世界之窗,617,691,884,1)|(科苑,424,412,468,2)|(东角头,367,375,641,2)|(海月,342,336,428,2)|(海上世界,294,258,974,2)|(白石洲,267,309,1010,1)|(大剧院,254,282,2804,1-2)|(景田,251,270,1823,2)|(水湾,249,282,712,2)|(侨城北,228,206,1148,2)|(福田,218,197,2059,3)|(红树湾,212,210,701,2)|(华强北,199,169,2474,2)|(湾厦,178,156,461,2)|(深圳北,177,159,3358,4-5)|(黄贝岭,173,157,3107,5)|(后海,162,168,437,2-11)|(会展中心,160,110,2061,1)|(侨香,143,152,1363,2)|(湖贝,137,122,2967,2)|(罗湖,135,133,3077,1)|(香梅北,134,129,1559,2)|(岗厦北,121,119,2247,2)|(老街,119,129,2980,3)|(龙华,114,110,3833,4)|(竹子林,113,126,1354,1)|(坪洲,105,109,2421,1)|(莲花西,103,90,2063,2)|(购物公园,95,139,1767,1-3)
13	上塘	4	28	(龙华,724,763,505,4)|(上梅林,567,472,1048,4)|(深圳北,549,576,628,4-5)|(会展中心,464,317,1545,1)|(清湖,415,503,682,4)|(福田口岸,348,187,1804,4)|(莲花北,299,359,1149,4)|(少年宫,271,258,1273,3-4)|(福民,236,268,1648,4)|(华强北,223,215,1943,2)|(华强路,206,327,1926,1)|(民乐,186,212,834,4)|(五和,185,218,1433,5)|(白石龙,184,185,670,4)|(老街,181,200,2438,3)|(市民中心,177,154,2068,2-4)|(红山,166,169,394,4)|(岗厦,163,152,1897,1)|(大剧院,159,182,2353,1-2)|(福田,145,116,1912,3)|(民治,139,149,1137,5)|(西丽,125,139,1662,5)|(大学城,122,126,1605,5)|(华新,116,114,1866,3)|(车公庙,115,116,2395,1)|(益田,109,117,2156,3)|(布吉,99,103,2188,3-5)|(石厦,91,93,2037,3)
14	燕南	2	28	(黄贝岭,666,616,694,5)|(湖贝,593,549,609,2)|(长龙,434,460,1799,5)|(景田,398,415,989,2)|(大剧院,390,467,407,1-2)|(新秀,333,355,870,2)|(五和,321,297,2567,5)|(布吉,316,327,1682,3-5)|(布心,301,313,1376,5)|(岗厦北,264,310,499,2)|(下水径,233,260,1910,5)|(香梅北,227,224,1167,2)|(华强北,206,170,361,2)|(杨美,205,213,2216,5)|(侨香,196,200,1355,2)|(深圳北,193,175,1958,4-5)|(龙华,175,175,2481,4)|(怡景,175,164,1019,5)|(民治,171,148,2628,5)|(百鸽笼,158,162,1583,5)|(世界之窗,152,153,1941,1)|(莲花西,143,162,902,2)|(白石龙,137,128,1618,4)|(太安,137,129,1122,5)|(坂田,133,141,2319,5)|(益田,130,143,1227,3)|(罗湖,127,114,1173,1)|(福田,121,144,759,3)
15	红树湾南	11	25	(南山,802,858,851,11)|(沙井,491,510,3030,11)|(福田,422,474,1028,3)|(碧海湾,415,459,1506,11)|(机场,395,388,1639,11)|(福永,306,338,2429,11)|(松岗,291,360,3309,11)|(桥头,285,310,2321,11)|(坪洲,255,254,1644,1)|(宝安,214,260,1249,11)|(后海,187,185,858,2-11)|(五和,172,132,3555,5)|(马鞍山,168,196,2481,11)|(塘尾,165,196,2532,11)|(灵芝,160,144,1848,5)|(固戍,152,84,2290,1)|(翻身,127,131,1772,5)|(后亭,123,140,2925,11)|(龙华,123,85,3242,4)|(石厦,113,107,1217,3)|(深圳北,110,85,2613,4-5)|(益田,101,109,1425,3)|(华新,96,90,1610,3)|(大剧院,96,100,1946,1-2)|(宝安中心,87,101,1672,1)
16	民治	5	28	(五和,761,749,444,5)|(西丽,437,415,1290,5)|(布吉,426,407,1375,3-5)|(大学城,391,360,1069,5)|(深圳北,377,381,1412,4-5)|(坂田,322,318,546,5)|(灵芝,272,277,1756,5)|(杨美,247,247,835,5)|(黄贝岭,247,251,2034,5)|(长龙,204,198,1183,5)|(怡景,194,181,1868,5)|(兴东,193,181,1441,5)|(洪浪北,188,184,1676,5)|(翻身,186,176,2002,5)|(塘朗,180,172,799,5)|(湖贝,165,145,2394,2)|(留仙洞,162,150,1478,5)|(下水径,157,141,1184,5)|(老街,153,165,2675,3)|(会展中心,148,121,1927,1)|(大剧院,145,163,2673,1-2)|(长岭陂,136,139,653,5)|(上梅林,114,117,1265,4)|(大新,112,105,3002,1)|(桃园,110,111,3198,1)|(坪洲,107,112,2451,1)|(上水径,105,121,896,5)|(丹竹头,101,104,2129,3)
17	世界之窗	1	27	(科苑,516,519,590,2)|(桃园,287,270,801,1)|(老街,272,279,2047,3)|(购物公园,257,325,1105,1-3)|(侨城北,256,259,614,2)|(会展中心,251,194,1127,1)|(大剧院,244,327,1697,1-2)|(华侨城,231,228,301,1)|(后海,221,230,771,2-11)|(海月,221,211,819,2)|(大新,218,187,1015,1)|(罗湖,213,222,2279,1)|(深康,213,200,537,2)|(竹子林,205,218,633,1)|(水湾,186,175,1577,2)|(深大,183,227,723,1)|(东角头,182,172,1183,2)|(白石洲,180,205,3913,1)|(华强路,175,286,1441,1)|(景田,169,168,1179,2)|(高新园,162,245,425,1)|(红树湾,161,158,483,2)|(岗厦,158,185,1502,1)|(海上世界,147,154,1523,2)|(登良,142,134,884,2)|(侨城东,141,232,446,1)|(华强北,136,144,1868,2)
18	机场	11	27	(南山,797,792,1385,11)|(福田,456,619,2206,3)|(碧海湾,438,391,731,11)|(福永,350,323,800,11)|(宝安,292,255,921,11)|(桥头,286,250,875,11)|(大新,249,221,1751,1)|(沙井,245,229,1393,11)|(后海,206,261,1765,2-11)|(五和,177,179,3709,5)|(深圳北,175,152,3397,4-5)|(松岗,169,166,1639,11)|(黄贝岭,147,145,3806,5)|(桃园,146,144,1703,1)|(民治,138,129,3565,5)|(西丽,131,116,2569,5)|(白石洲,129,126,2121,1)|(景田,128,130,3134,2)|(马鞍山,128,135,1221,11)|(大剧院,125,155,3282,1-2)|(益田,117,120,2913,3)|(罗湖,116,92,4029,1)|(布吉,113,100,4609,3-5)|(塘尾,111,104,1045,11)|(石厦,109,108,2746,3)|(灵芝,106,86,2034,5)|(世界之窗,103,112,2515,1)
19	大剧院	1-2	26	(罗湖,411,463,664,1)|(黄贝岭,352,320,733,5)|(老街,340,215,344,3)|(国贸,298,187,505,1)|(湖贝,270,262,456,2)|(会展中心,255,158,778,1)|(华强北,249,243,599,2)|(岗厦,247,304,623,1)|(科学馆,243,116,415,1)|(布心,229,219,1301,5)|(布吉,218,207,1494,3-5)|(长龙,190,186,1786,5)|(世界之窗,189,180,1697,1)|(购物公园,187,203,890,1-3)|(华强路,187,356,472,1)|(景田,176,183,1189,2)|(五和,170,162,2310,5)|(下水径,166,179,1764,5)|(新秀,153,151,685,2)|(大芬,138,136,1851,3)|(丹竹头,130,148,1740,3)|(太安,127,113,1099,5)|(木棉湾,126,138,1483,3)|(草埔,123,141,1149,3)|(桃园,113,110,2256,1)|(民治,111,114,2673,5)
20	留仙洞	5	27	(深圳北,695,621,1217,4-5)|(五和,595,639,1552,5)|(灵芝,549,557,714,5)|(民治,520,596,1478,5)|(大学城,398,449,495,5)|(西丽,379,313,463,5)|(洪浪北,357,368,543,5)|(翻身,355,399,817,5)|(布吉,280,300,2257,3-5)|(坪洲,272,328,1419,1)|(兴东,246,238,500,5)|(龙华,206,211,2535,4)|(西乡,198,88,1596,1)|(坂田,181,197,1636,5)|(塘朗,175,148,652,5)|(清湖,170,186,2350,4)|(大新,148,154,1683,1)|(宝安中心,144,144,1000,1)|(固戍,144,110,1950,1)|(长龙,135,142,2168,5)|(杨美,124,155,1699,5)|(上梅林,121,96,2175,4)|(怡景,120,106,2888,5)|(下水径,113,106,2061,5)|(黄贝岭,109,115,3201,5)|(桃园,96,111,1811,1)|(宝体,94,87,1184,1)
21	马鞍山	11	28	(碧海湾,621,632,1486,11)|(南山,550,576,2168,11)|(沙井,491,520,738,11)|(宝安,376,348,1739,11)|(福永,325,303,1186,11)|(桥头,301,268,655,11)|(深圳北,287,246,4509,4-5)|(松岗,285,272,764,11)|(机场,272,254,1221,11)|(后海,225,264,2371,2-11)|(福田,217,221,2918,3)|(灵芝,183,174,2861,5)|(大新,174,182,2450,1)|(后亭,168,165,748,11)|(桃园,158,173,2422,1)|(罗湖,156,135,4759,1)|(老街,141,151,4255,3)|(西丽,134,126,3380,5)|(塘尾,124,125,3278,11)|(五和,121,123,4474,5)|(华强路,116,163,4079,1)|(洪浪北,115,127,2864,5)|(高新园,110,106,3003,1)|(民治,108,100,4154,5)|(深大,104,136,2792,1)|(碧头,100,103,987,11)|(翻身,99,95,3025,5)|(大剧院,96,121,3953,1-2)
22	五和	5	27	(深圳北,730,686,668,4-5)|(民治,592,576,444,5)|(布吉,442,406,1101,3-5)|(西丽,412,403,1433,5)|(大学城,388,385,1232,5)|(杨美,330,326,610,5)|(长龙,245,241,905,5)|(坂田,228,242,426,5)|(灵芝,204,213,1931,5)|(黄贝岭,203,220,1832,5)|(怡景,194,179,1721,5)|(塘朗,182,177,1064,5)|(兴东,168,157,1752,5)|(洪浪北,166,168,1867,5)|(老街,166,183,2544,3)|(下水径,163,163,881,5)|(大剧院,158,194,2310,1-2)|(翻身,145,143,2150,5)|(湖贝,139,122,2344,2)|(华强北,137,149,2769,2)|(会展中心,136,108,2361,1)|(留仙洞,133,133,1552,5)|(上梅林,109,110,1679,4)|(长岭陂,109,108,855,5)|(少年宫,105,123,1846,3-4)|(布心,102,106,1404,5)|(坪洲,101,111,2638,1)
23	翻身	5	27	(兴东,673,648,572,5)|(深圳北,651,609,2014,4-5)|(洪浪北,469,465,745,5)|(西丽,466,488,929,5)|(宝华,433,392,494,5)|(灵芝,410,370,480,5)|(五和,382,390,2150,5)|(民治,365,384,2002,5)|(大学城,296,299,1175,5)|(西乡,239,89,1161,1)|(固戍,229,143,1307,1)|(留仙洞,219,217,817,5)|(坪洲,217,208,880,1)|(桃园,208,229,1278,1)|(深大,207,203,1477,1)|(塘朗,196,178,1355,5)|(布吉,163,157,3017,3-5)|(宝安中心,155,136,468,1)|(宝体,133,129,749,1)|(大新,128,135,1028,1)|(龙华,123,132,2810,4)|(坂田,111,127,2272,5)|(高新园,110,157,1499,1)|(清湖,107,129,3027,4)|(南山,96,108,1221,11)|(后瑞,88,93,1540,1)|(老街,80,91,3551,3)
24	岗厦北	2	26	(华强北,848,733,434,2)|(黄贝岭,525,552,1028,5)|(大剧院,396,441,726,1-2)|(湖贝,375,379,824,2)|(景田,356,390,713,2)|(福田,320,332,545,3)|(燕南,314,298,499,2)|(侨香,216,245,1144,2)|(深圳北,209,159,1766,4-5)|(布心,202,225,1632,5)|(莲花西,201,221,647,2)|(香梅北,196,189,893,2)|(龙华,194,221,2239,4)|(新秀,191,238,1142,2)|(白石龙,190,177,1579,4)|(世界之窗,164,181,1735,1)|(民乐,155,135,1246,4)|(布吉,155,193,2004,3-5)|(上梅林,151,123,1090,4)|(怡景,144,165,1295,5)|(长龙,143,168,2046,5)|(石厦,143,140,977,3)|(下水径,128,165,2199,5)|(清湖,125,166,2252,4)|(香蜜,119,135,1042,2)|(太安,111,107,1479,5)
25	白石洲	1	27	(高新园,721,595,320,1)|(桃园,624,645,667,1)|(深大,456,607,454,1)|(华侨城,369,395,374,1)|(大新,347,340,820,1)|(购物公园,287,368,1148,1-3)|(老街,261,274,1994,3)|(华强路,250,342,1531,1)|(会展中心,248,166,1309,1)|(世界之窗,242,277,3913,1)|(罗湖,236,229,2166,1)|(侨城东,231,290,628,1)|(大剧院,230,243,1761,1-2)|(坪洲,216,220,1620,1)|(岗厦,213,205,1374,1)|(国贸,207,123,2108,1)|(科苑,195,195,1016,2)|(固戍,163,104,1948,1)|(竹子林,162,170,788,1)|(深圳北,154,149,2528,4-5)|(车公庙,136,140,881,1)|(侨城北,127,142,808,2)|(鲤鱼门,121,129,980,1)|(宝体,114,108,1335,1)|(后海,92,102,1040,2-11)|(益田,82,78,1923,3)|(登良,80,83,1010,2)
26	宝安	11	26	(南山,763,793,901,11)|(福田,649,592,1651,3)|(沙井,631,654,1989,11)|(福永,490,518,1209,11)|(后海,483,569,865,2-11)|(机场,481,533,921,11)|(碧海湾,420,441,4727,11)|(桥头,413,438,1341,11)|(松岗,408,440,2350,11)|(马鞍山,316,359,1739,11)|(塘尾,254,274,1583,11)|(科苑,182,178,1552,2)|(后亭,177,185,2178,11)|(会展中心,138,92,2612,1)|(益田,138,133,2214,3)|(大剧院,127,144,2640,1-2)|(碧头,111,118,2394,11)|(石厦,108,109,2147,3)|(海月,101,108,1736,2)|(华强北,100,105,2480,2)|(岗厦北,93,86,2034,2)|(景田,91,88,2297,2)|(购物公园,90,117,1918,1-3)|(东角头,83,87,2189,2)|(少年宫,81,84,2127,3-4)|(华强路,78,118,2639,1)
27	长岭陂	5	27	(民治,1281,1389,653,5)|(五和,1280,1449,855,5)|(深圳北,577,472,451,4-5)|(坂田,488,569,885,5)|(布吉,373,401,1688,3-5)|(龙华,290,283,1346,4)|(杨美,229,288,999,5)|(下水径,218,223,1367,5)|(清湖,216,218,1728,4)|(洪浪北,177,155,1251,5)|(西丽,174,150,720,5)|(灵芝,165,167,1446,5)|(长龙,161,153,1452,5)|(上水径,158,190,1263,5)|(上梅林,143,93,1388,4)|(龙胜,143,186,1338,4)|(翻身,133,138,1591,5)|(丹竹头,131,137,2368,3)|(黄贝岭,130,134,2499,5)|(坪洲,126,142,2056,1)|(怡景,123,129,2310,5)|(上塘,111,103,1169,4)|(大学城,100,84,682,5)|(大芬,95,76,2198,3)|(民乐,90,100,1118,4)|(布心,86,94,1969,5)|(草埔,80,71,2264,3)
28	坂田	5	28	(民治,593,610,546,5)|(五和,581,561,426,5)|(深圳北,544,535,752,4-5)|(布吉,466,456,916,3-5)|(西丽,356,321,1449,5)|(长龙,299,317,845,5)|(黄贝岭,285,273,1729,5)|(大学城,255,237,1360,5)|(怡景,251,236,1596,5)|(华强北,207,203,2496,2)|(杨美,193,219,381,5)|(大剧院,190,219,2480,1-2)|(下水径,189,210,625,5)|(湖贝,173,146,2022,2)|(灵芝,170,164,2067,5)|(布心,162,157,1202,5)|(老街,155,178,2432,3)|(上梅林,129,118,1624,4)|(兴东,127,125,1816,5)|(上水径,122,154,511,5)|(塘朗,120,111,1367,5)|(百鸽笼,115,122,1025,5)|(丹竹头,115,112,1548,3)|(翻身,112,104,2272,5)|(太安,111,110,1324,5)|(横岗,103,104,2327,3)|(长岭陂,101,103,885,5)|(留仙洞,97,101,1636,5)
29	西丽	5	27	(深圳北,822,750,1102,4-5)|(五和,743,747,1433,5)|(民治,596,610,1290,5)|(灵芝,467,477,789,5)|(大学城,372,383,426,5)|(兴东,363,395,542,5)|(翻身,330,323,929,5)|(布吉,326,301,2277,3-5)|(洪浪北,296,317,718,5)|(塘朗,270,256,614,5)|(坂田,237,274,1449,5)|(坪洲,222,233,1500,1)|(龙华,217,211,1995,4)|(清湖,191,222,2313,4)|(固戍,172,112,1828,1)|(杨美,161,183,1587,5)|(长龙,144,141,1961,5)|(下水径,126,124,2023,5)|(黄贝岭,124,129,2936,5)|(留仙洞,119,156,463,5)|(上水径,104,115,1772,5)|(宝安中心,103,93,1113,1)|(怡景,101,97,2814,5)|(大新,97,100,1983,1)|(丹竹头,91,91,3003,3)|(双龙,86,91,4906,3)|(老街,81,87,3651,3)
30	莲花村	3	28	(华新,705,726,424,3)|(通新岭,613,662,531,3)|(老街,520,470,818,3)|(石厦,407,388,753,3)|(益田,385,395,914,3)|(翠竹,353,373,1083,3)|(福田,342,281,561,3)|(购物公园,338,368,647,1-3)|(红岭,301,268,602,3)|(晒布,260,307,929,3)|(少年宫,222,190,574,3-4)|(国贸,220,139,935,1)|(丹竹头,213,282,2193,3)|(大芬,200,225,2020,3)|(布吉,193,199,1772,3-5)|(草埔,185,206,1562,3)|(木棉湾,172,201,1934,3)|(罗湖,148,165,1284,1)|(深圳北,144,126,1368,4-5)|(田贝,134,140,1127,3)|(上梅林,126,93,916,4)|(龙华,121,116,2231,4)|(横岗,108,120,2660,3)|(大剧院,108,118,1006,1-2)|(塘坑,108,134,2559,3)|(六约,98,139,3124,3)|(双龙,96,123,3944,3)|(清湖,91,108,2275,4)
31	竹子林	1	26	(购物公园,405,415,655,1-3)|(世界之窗,387,456,633,1)|(华强路,367,478,1028,1)|(会展中心,353,208,778,1)|(岗厦,352,365,811,1)|(大剧院,265,282,1328,1-2)|(科学馆,257,101,1083,1)|(老街,250,201,1470,3)|(桃园,216,220,1209,1)|(白石洲,210,285,788,1)|(大新,206,216,1339,1)|(国贸,201,101,1511,1)|(坪洲,199,268,2120,1)|(罗湖,190,172,1680,1)|(深圳北,189,175,2019,4-5)|(鲤鱼门,165,185,1367,1)|(车公庙,159,141,384,1)|(少年宫,134,119,1200,3-4)|(福民,133,124,1121,4)|(龙华,133,139,3088,4)|(高新园,125,123,944,1)|(民乐,124,130,1750,4)|(深大,117,150,1041,1)|(华侨城,114,131,530,1)|(深康,112,132,1330,2)|(布吉,108,109,2813,3-5)
32	南山	11	29	(福田,459,478,1279,3)|(碧海湾,445,442,1055,11)|(机场,388,392,1385,11)|(后海,312,335,694,2-11)|(坪洲,304,313,1363,1)|(深圳北,268,243,2928,4-5)|(福永,268,297,1648,11)|(沙井,266,263,2210,11)|(固戍,221,146,1642,1)|(桥头,208,223,1842,11)|(宝安,202,208,901,11)|(五和,173,163,3317,5)|(松岗,147,144,2669,11)|(大剧院,146,164,2176,1-2)|(会展中心,141,96,1757,1)|(民治,140,144,2841,5)|(老街,139,131,2575,3)|(马鞍山,135,141,2168,11)|(灵芝,132,135,1442,5)|(翻身,129,123,1221,5)|(科苑,125,115,1077,2)|(罗湖,113,105,2695,1)|(黄贝岭,109,97,2736,5)|(洪浪北,108,120,1428,5)|(塘尾,105,115,1964,11)|(购物公园,103,131,1765,1-3)|(华强北,103,103,1887,2)|(兴东,102,111,1892,5)|(益田,99,115,1789,3)
33	宝体	1	29	(固戍,655,416,744,1)|(西乡,618,233,464,1)|(坪洲,614,650,344,1)|(桃园,463,544,942,1)|(灵芝,415,395,873,5)|(深大,410,406,1152,1)|(后瑞,372,406,1262,1)|(大新,347,373,883,1)|(机场东,338,469,1209,1)|(宝安中心,283,297,385,1)|(高新园,282,333,1336,1)|(兴东,239,275,1048,5)|(洪浪北,218,241,912,5)|(深圳北,204,196,2409,4-5)|(白石洲,186,227,1335,1)|(翻身,177,177,749,5)|(新安,158,187,402,1)|(西丽,156,159,1590,5)|(民治,148,155,2468,5)|(五和,143,144,2451,5)|(世界之窗,143,184,1526,1)|(宝华,141,143,597,5)|(华强路,127,188,2741,1)|(老街,104,102,3163,3)|(购物公园,102,134,2420,1-3)|(大剧院,101,120,3004,1-2)|(鲤鱼门,100,104,676,1)|(罗湖,100,108,3599,1)|(大学城,92,97,1641,5)
34	宝安中心	1	29	(西乡,694,228,810,1)|(坪洲,607,597,489,1)|(固戍,589,331,937,1)|(灵芝,538,528,652,5)|(洪浪北,382,396,583,5)|(后瑞,370,393,1163,1)|(桃园,348,404,850,1)|(深圳北,330,333,1940,4-5)|(宝体,329,298,385,1)|(大新,291,301,722,1)|(兴东,267,305,738,5)|(西丽,200,221,1113,5)|(宝华,198,197,391,5)|(翻身,197,229,468,5)|(深大,196,253,1101,1)|(新安,195,231,436,1)|(五和,194,201,2213,5)|(高新园,173,199,1223,1)|(机场东,168,282,1471,1)|(民治,160,169,2162,5)|(白石洲,125,162,1337,1)|(留仙洞,116,127,1000,5)|(世界之窗,115,160,1402,1)|(鲤鱼门,108,113,650,1)|(华强路,104,161,2672,1)|(大学城,101,107,1282,5)|(罗湖,97,120,3367,1)|(布吉,97,95,3207,3-5)|(大剧院,90,114,2852,1-2)
35	东角头	2	27	(海月,734,758,565,2)|(海上世界,663,503,583,2)|(世界之窗,572,661,1183,1)|(科苑,524,501,887,2)|(后海,368,443,788,2-11)|(水湾,282,243,444,2)|(登良,274,269,641,2)|(湾厦,231,221,416,2)|(红树湾,223,221,1110,2)|(大剧院,213,248,3139,1-2)|(侨城北,201,193,1449,2)|(白石洲,174,196,1486,1)|(景田,169,182,2167,2)|(深圳北,163,161,3523,4-5)|(高新园,161,135,1684,1)|(华强北,158,158,2877,2)|(福田,148,142,2490,3)|(蛇口港,140,157,601,2)|(罗湖,126,127,3485,1)|(赤湾,123,126,793,2)|(湖贝,107,99,3257,2)|(黄贝岭,107,111,3280,5)|(侨香,105,114,1728,2)|(竹子林,98,108,1719,1)|(老街,97,115,3376,3)|(岗厦北,95,93,2604,2)|(桃园,89,91,2064,1)
36	长龙	5	28	(五和,519,521,905,5)|(怡景,446,436,1021,5)|(黄贝岭,411,419,1183,5)|(大剧院,386,467,1786,1-2)|(深圳北,377,398,1427,4-5)|(华强北,353,300,1974,2)|(民治,332,333,1183,5)|(布心,301,297,716,5)|(湖贝,299,261,1448,2)|(坂田,273,269,845,5)|(杨美,271,282,723,5)|(燕南,253,246,1799,2)|(老街,230,239,1772,3)|(布吉,216,235,536,3-5)|(太安,213,208,903,5)|(百鸽笼,191,175,531,5)|(西丽,165,169,1961,5)|(下水径,151,195,718,5)|(罗湖,135,128,2349,1)|(上水径,128,124,562,5)|(大学城,119,125,1888,5)|(大芬,114,104,1104,3)|(田贝,113,119,1204,3)|(横岗,111,104,1731,3)|(双龙,107,116,2938,3)|(翠竹,104,108,1496,3)|(龙华,101,104,2360,4)|(丹竹头,100,101,1233,3)
37	侨城东	1	26	(世界之窗,581,620,446,1)|(白石洲,506,803,628,1)|(购物公园,341,341,734,1-3)|(桃园,299,321,1076,1)|(老街,283,161,1772,3)|(会展中心,275,189,862,1)|(大剧院,272,358,1410,1-2)|(华强路,263,358,1205,1)|(大新,257,310,1132,1)|(坪洲,244,311,1903,1)|(竹子林,234,233,285,1)|(岗厦,233,322,1037,1)|(华侨城,231,233,254,1)|(国贸,208,160,1757,1)|(西乡,182,94,2186,1)|(罗湖,173,183,1900,1)|(深圳北,162,99,2347,4-5)|(龙华,143,103,2715,4)|(固戍,143,131,2448,1)|(鲤鱼门,143,207,1231,1)|(福田口岸,123,84,1406,4)|(车公庙,115,95,474,1)|(深大,110,110,879,1)|(布吉,109,102,2753,3-5)|(福民,98,135,1104,4)|(高新园,95,168,664,1)
38	新秀	2	28	(华强北,811,778,1002,2)|(大剧院,723,895,685,1-2)|(湖贝,576,568,602,2)|(燕南,453,447,870,2)|(黄贝岭,391,460,410,5)|(福田,361,294,1435,3)|(岗厦北,275,247,1142,2)|(罗湖,241,218,1387,1)|(布吉,198,211,1705,3-5)|(会展中心,196,111,1579,1)|(益田,167,153,1873,3)|(布心,166,192,1100,5)|(市民中心,165,127,1345,2-4)|(莲花西,163,153,1713,2)|(怡景,162,163,945,5)|(长龙,156,161,1575,5)|(世界之窗,154,166,2566,1)|(景田,142,135,1694,2)|(侨香,138,139,2029,2)|(科苑,135,95,2972,2)|(下水径,121,133,1764,5)|(深圳北,113,120,2696,4-5)|(岗厦,112,118,1320,1)|(上梅林,109,93,2165,4)|(太安,107,109,1047,5)|(福田口岸,107,90,2109,4)|(五和,105,119,2460,5)|(购物公园,104,129,2093,1-3)
39	布心	5	27	(怡景,697,661,522,5)|(布吉,621,641,703,3-5)|(黄贝岭,560,548,749,5)|(大剧院,541,670,1301,1-2)|(华强北,480,443,1478,2)|(湖贝,425,409,986,2)|(太安,357,384,363,5)|(长龙,355,358,716,5)|(下水径,309,321,715,5)|(深圳北,294,276,1829,4-5)|(五和,274,258,1404,5)|(燕南,206,202,1376,2)|(民治,180,172,1561,5)|(百鸽笼,166,166,504,5)|(坂田,162,173,1202,5)|(罗湖,155,165,1909,1)|(杨美,146,146,1262,5)|(福田,136,122,1866,3)|(岗厦北,135,130,1632,2)|(六约,125,124,1573,3)|(大芬,121,108,1256,3)|(西丽,105,98,2546,5)|(丹竹头,99,105,1393,3)|(新秀,96,85,1100,2)|(老街,85,111,2203,3)|(上水径,85,93,888,5)|(岗厦,81,90,1742,1)
40	少年宫	3-4	29	(龙华,386,386,1740,4)|(上梅林,377,296,567,4)|(深圳北,374,323,1116,4-5)|(会展中心,359,156,566,1)|(白石龙,355,339,810,4)|(民乐,344,326,732,4)|(福民,316,314,582,4)|(石厦,290,280,703,3)|(清湖,285,347,1784,4)|(老街,285,206,1089,3)|(五和,275,244,1846,5)|(莲花北,250,329,569,4)|(益田,240,276,857,3)|(福田口岸,233,139,763,4)|(购物公园,227,174,784,1-3)|(华新,204,217,786,3)|(红山,195,182,1202,4)|(布吉,162,150,2126,3-5)|(翠竹,156,172,1280,3)|(大芬,151,135,2247,3)|(丹竹头,143,169,2399,3)|(通新岭,140,185,759,3)|(上塘,139,162,1273,4)|(木棉湾,135,146,2019,3)|(红岭,124,117,853,3)|(晒布,121,142,1218,3)|(龙胜,114,184,1436,4)|(大剧院,108,126,1356,1-2)|(岗厦,106,126,725,1)
41	机场东	1	28	(西乡,771,481,907,1)|(固戍,534,432,960,1)|(坪洲,518,713,1081,1)|(宝体,413,468,1209,1)|(桃园,397,365,2095,1)|(深圳北,379,361,3266,4-5)|(大新,378,345,1769,1)|(深大,262,288,2159,1)|(后瑞,256,210,535,1)|(罗湖,246,224,4523,1)|(老街,235,262,4635,3)|(宝安中心,225,221,1471,1)|(灵芝,207,208,1936,5)|(华强路,205,277,3837,1)|(高新园,197,213,2387,1)|(五和,185,219,3633,5)|(西丽,179,205,2486,5)|(民治,170,198,3324,5)|(白石洲,165,194,2404,1)|(兴东,160,185,1916,5)|(世界之窗,154,183,3398,1)|(洪浪北,132,157,2195,5)|(布吉,132,128,4698,3-5)|(车公庙,124,137,3089,1)|(大学城,121,148,2514,5)|(翻身,116,133,1532,5)|(大剧院,113,117,4004,1-2)|(岗厦,99,86,3533,1)
42	老街	3	27	(罗湖,722,801,493,1)|(布吉,384,306,1292,3-5)|(丹竹头,377,381,1830,3)|(大芬,317,279,1440,3)|(草埔,299,300,1007,3)|(科学馆,262,177,519,1)|(华强路,243,472,758,1)|(木棉湾,229,220,1434,3)|(大剧院,196,337,344,1-2)|(岗厦,195,226,701,1)|(华新,190,224,657,3)|(世界之窗,175,168,2047,1)|(五和,174,142,2544,5)|(翠竹,169,201,631,3)|(双龙,169,173,3434,3)|(横岗,169,152,2261,3)|(龙华,168,137,2809,4)|(国贸,165,132,539,1)|(石厦,161,144,1372,3)|(田贝,160,183,732,3)|(益田,160,158,1573,3)|(福民,153,139,1349,4)|(会展中心,148,113,1013,1)|(深圳北,132,120,2424,4-5)|(红岭,125,111,408,3)|(购物公园,123,146,1209,1-3)|(白石洲,120,127,1994,1)
43	兴东	5	29	(翻身,717,787,572,5)|(西丽,645,613,542,5)|(灵芝,595,630,506,5)|(深圳北,509,454,1436,4-5)|(坪洲,492,561,1137,1)|(五和,475,516,1752,5)|(民治,425,455,1441,5)|(固戍,386,262,1611,1)|(西乡,344,140,1228,1)|(大学城,295,319,683,5)|(宝安中心,234,210,738,1)|(宝体,233,199,1048,1)|(布吉,233,230,2528,3-5)|(洪浪北,222,251,329,5)|(大新,193,193,1447,1)|(坂田,150,165,1816,5)|(留仙洞,147,172,500,5)|(宝华,144,117,902,5)|(龙华,138,143,2200,4)|(桃园,136,137,1535,1)|(清湖,122,138,2484,4)|(机场东,107,158,1916,1)|(后瑞,102,117,1850,1)|(塘朗,101,109,933,5)|(南山,98,98,1892,11)|(长龙,83,83,2271,5)|(下水径,82,81,2253,5)|(鲤鱼门,76,80,1337,1)|(杨美,75,89,1851,5)
44	坪洲	1	27	(深大,1101,1010,1281,1)|(桃园,768,833,1139,1)|(高新园,656,670,1514,1)|(固戍,428,293,778,1)|(大新,402,413,943,1)|(深圳北,270,246,2302,4-5)|(宝体,250,248,344,1)|(兴东,247,247,1137,5)|(西乡,234,119,470,1)|(后瑞,212,227,764,1)|(宝安中心,208,233,489,1)|(宝华,194,185,861,5)|(机场东,188,249,1081,1)|(西丽,173,181,1500,5)|(科苑,164,145,2073,2)|(大学城,162,165,1643,5)|(灵芝,158,174,932,5)|(五和,152,150,2638,5)|(白石洲,138,183,1620,1)|(罗湖,133,130,3627,1)|(华强路,125,179,2886,1)|(南山,125,142,1363,11)|(车公庙,123,121,2232,1)|(民治,119,122,2451,5)|(洪浪北,118,127,1094,5)|(老街,117,135,3484,3)|(世界之窗,112,158,1713,1)
45	科苑	2	27	(世界之窗,1113,1185,590,1)|(东角头,317,338,887,2)|(后海,312,290,442,2-11)|(坪洲,312,390,2073,1)|(海月,309,289,737,2)|(景田,292,332,1530,2)|(白石洲,291,355,1016,1)|(水湾,230,226,1000,2)|(红树湾,201,174,414,2)|(登良,194,197,468,2)|(侨城北,176,195,903,2)|(黄贝岭,167,157,2717,5)|(大剧院,163,172,2633,1-2)|(深圳北,158,122,3074,4-5)|(香梅北,155,178,1463,2)|(五和,143,122,4457,5)|(民乐,139,145,2716,4)|(固戍,139,112,2713,1)|(龙华,130,132,3743,4)|(湾厦,121,118,765,2)|(白石龙,116,110,2955,4)|(清湖,109,121,3877,4)|(南山,109,125,1077,11)|(布吉,103,105,3563,3-5)|(侨香,102,110,1143,2)|(大新,101,105,1603,1)|(碧海湾,94,110,1707,11)
46	深康	2	29	(世界之窗,1409,1610,537,1)|(侨香,709,680,437,2)|(景田,535,483,809,2)|(香梅北,528,644,702,2)|(侨城北,455,435,434,2)|(竹子林,448,446,1330,1)|(科苑,319,262,970,2)|(莲花西,246,207,1047,2)|(华强北,227,215,1476,2)|(益田,221,191,1531,3)|(福田,207,184,1192,3)|(桃园,180,190,1135,1)|(香蜜,179,201,517,2)|(高新园,179,201,783,1)|(深大,176,139,1035,1)|(大剧院,170,207,1810,1-2)|(岗厦北,147,123,1328,2)|(湖贝,131,127,1969,2)|(白石洲,131,152,721,1)|(后海,123,173,1086,2-11)|(海月,121,111,1274,2)|(燕南,115,113,1594,2)|(登良,110,98,1070,2)|(黄贝岭,99,88,2021,5)|(东角头,95,89,1510,2)|(石厦,95,95,1537,3)|(大新,95,93,1312,1)|(水湾,94,92,1615,2)|(红树湾,93,91,753,2)
47	安托山	2	26	(世界之窗,585,677,923,1)|(景田,457,468,877,2)|(华强北,378,308,1496,2)|(香梅北,366,381,654,2)|(侨香,361,356,1312,2)|(福田,317,323,1010,3)|(大剧院,272,315,1709,1-2)|(岗厦北,263,195,1230,2)|(莲花西,230,206,1017,2)|(香蜜,222,247,455,2)|(科苑,220,194,1061,2)|(黄贝岭,185,168,1954,5)|(侨城北,184,199,613,2)|(石厦,167,165,1473,3)|(白石洲,166,162,931,1)|(湖贝,164,164,1835,2)|(市民中心,157,131,1415,2-4)|(益田,153,141,1704,3)|(大新,132,126,1571,1)|(燕南,123,128,1532,2)|(深大,122,120,1145,1)|(桃园,121,142,1189,1)|(竹子林,117,142,1245,1)|(水湾,114,118,1768,2)|(深康,111,136,428,2)|(红树湾,105,99,824,2)
48	后瑞	1	28	(西乡,1041,678,718,1)|(固戍,567,408,678,1)|(坪洲,558,626,764,1)|(桃园,472,461,1657,1)|(宝体,424,402,1262,1)|(大新,374,363,1658,1)|(宝安中心,371,379,1163,1)|(深圳北,313,312,3215,4-5)|(深大,297,342,2039,1)|(灵芝,196,195,1534,5)|(高新园,189,178,2339,1)|(五和,185,207,3228,5)|(老街,177,194,3944,3)|(罗湖,173,195,4230,1)|(华强路,165,203,3517,1)|(民治,163,178,3071,5)|(西丽,161,160,2162,5)|(机场东,150,329,535,1)|(白石洲,145,167,2160,1)|(兴东,139,137,1850,5)|(翻身,127,134,1540,5)|(大学城,121,128,2352,5)|(世界之窗,120,164,2435,1)|(洪浪北,116,115,1643,5)|(宝华,115,92,1316,5)|(布吉,111,114,4154,3-5)|(岗厦,99,91,3578,1)|(大剧院,95,120,3863,1-2)
49	吉祥	3	28	(双龙,648,683,728,3)|(南联,613,611,519,3)|(横岗,584,579,918,3)|(龙城广场,439,447,402,3)|(布吉,409,361,1984,3-5)|(大芬,342,330,1679,3)|(爱联,340,294,433,3)|(丹竹头,321,324,1597,3)|(老街,291,294,3090,3)|(木棉湾,279,332,1941,3)|(罗湖,272,266,3416,1)|(草埔,253,220,2192,3)|(大运,252,258,512,3)|(塘坑,229,229,1209,3)|(六约,225,242,1374,3)|(翠竹,187,183,2589,3)|(深圳北,177,159,3702,4-5)|(荷坳,156,154,637,3)|(田贝,150,150,2454,3)|(晒布,149,153,2862,3)|(永湖,146,168,802,3)|(五和,138,134,3177,5)|(华新,131,155,3299,3)|(益田,122,135,4101,3)|(大剧院,115,147,3358,1-2)|(民治,111,99,3425,5)|(福田,103,97,3846,3)|(长龙,93,95,2592,5)
50	桃园	1	29	(坪洲,889,905,1139,1)|(白石洲,479,565,667,1)|(西乡,415,145,1327,1)|(深大,397,446,474,1)|(固戍,382,241,1544,1)|(大新,321,334,1776,1)|(鲤鱼门,318,312,453,1)|(高新园,301,457,579,1)|(世界之窗,288,328,801,1)|(宝体,246,200,942,1)|(深圳北,205,172,2870,4-5)|(老街,187,193,2642,3)|(后瑞,184,205,1657,1)|(罗湖,176,178,2673,1)|(大剧院,170,209,2256,1-2)|(购物公园,167,216,1630,1-3)|(会展中心,165,123,1781,1)|(宝安中心,165,142,850,1)|(国贸,142,87,2599,1)|(民治,139,135,3198,5)|(华强路,138,214,1987,1)|(五和,136,133,3227,5)|(翻身,135,126,1278,5)|(岗厦,126,140,1832,1)|(灵芝,125,114,1550,5)|(机场东,114,204,2095,1)|(竹子林,113,130,1209,1)|(华侨城,98,101,901,1)|(车公庙,89,101,1308,1)
51	怡景	5	29	(布心,705,740,522,5)|(布吉,626,678,969,3-5)|(长龙,552,567,1021,5)|(太安,496,435,405,5)|(五和,491,523,1721,5)|(深圳北,441,410,2046,4-5)|(民治,385,402,1868,5)|(黄贝岭,362,370,459,5)|(下水径,329,377,1087,5)|(百鸽笼,281,281,763,5)|(大剧院,281,321,938,1-2)|(杨美,275,301,1375,5)|(坂田,258,286,1596,5)|(华强北,240,223,1035,2)|(湖贝,158,141,786,2)|(西丽,144,151,2814,5)|(大芬,140,120,1548,3)|(丹竹头,126,123,1580,3)|(龙华,124,120,3008,4)|(燕南,114,126,1019,2)|(上水径,109,124,1200,5)|(木棉湾,107,94,1375,3)|(岗厦北,104,99,1295,2)|(福田,100,96,1549,3)|(清湖,93,109,3187,4)|(灵芝,91,95,3433,5)|(大学城,87,88,2705,5)|(新秀,87,89,945,2)|(双龙,75,78,3474,3)
52	碧海湾	11	28	(南山,845,936,1055,11)|(沙井,687,674,1770,11)|(桥头,493,519,1317,11)|(福永,442,476,973,11)|(福田,438,434,1960,3)|(后海,430,471,1388,2-11)|(松岗,391,387,2087,11)|(机场,386,430,731,11)|(马鞍山,300,319,1486,11)|(塘尾,263,265,1465,11)|(后亭,259,261,1888,11)|(宝安,227,229,4727,11)|(科苑,222,199,1707,2)|(碧头,138,141,2181,11)|(益田,138,128,2409,3)|(华强路,123,155,2729,1)|(华强北,116,116,2661,2)|(会展中心,114,75,2327,1)|(深圳北,103,81,3393,4-5)|(大新,102,106,1395,1)|(大剧院,97,108,2747,1-2)|(景田,88,88,2332,2)|(桃园,85,99,1374,1)|(石厦,85,85,2387,3)|(水湾,85,88,2417,2)|(老街,80,89,3618,3)|(东角头,80,86,2196,2)|(海月,77,83,2145,2)
53	丹竹头	3	28	(老街,692,683,1830,3)|(华新,478,570,1975,3)|(布吉,349,328,794,3-5)|(罗湖,320,273,1965,1)|(国贸,306,150,1867,1)|(晒布,305,334,1513,3)|(田贝,279,258,1082,3)|(翠竹,267,240,1260,3)|(科学馆,263,150,1808,1)|(华强路,253,274,2031,1)|(双龙,250,286,2080,3)|(大芬,241,248,442,3)|(大剧院,225,255,1740,1-2)|(草埔,223,215,902,3)|(横岗,217,223,903,3)|(深圳北,204,210,2329,4-5)|(益田,182,189,2875,3)|(木棉湾,159,196,524,3)|(五和,158,165,1793,5)|(大运,156,171,1292,3)|(南联,153,153,1859,3)|(水贝,152,133,942,3)|(岗厦,149,130,2353,1)|(龙城广场,144,142,1775,3)|(通新岭,135,138,1781,3)|(民治,128,131,2129,5)|(塘坑,128,133,759,3)|(黄贝岭,116,128,1766,5)
54	布吉	3-5	26	(五和,421,427,1101,5)|(深圳北,420,396,1569,4-5)|(老街,364,397,1292,3)|(民治,328,316,1375,5)|(黄贝岭,311,274,1168,5)|(罗湖,262,256,1784,1)|(布心,259,236,703,5)|(怡景,257,224,969,5)|(大剧院,206,244,1494,1-2)|(双龙,204,244,2527,3)|(丹竹头,197,216,794,3)|(坂田,189,191,916,5)|(华新,188,216,1560,3)|(翠竹,176,176,893,3)|(横岗,173,185,1285,3)|(西丽,169,173,2277,5)|(杨美,167,177,930,5)|(华强北,163,144,1817,2)|(大芬,161,162,606,3)|(晒布,156,205,1011,3)|(下水径,147,145,566,5)|(田贝,147,154,674,3)|(草埔,126,133,398,3)|(益田,124,133,2376,3)|(塘坑,114,112,1126,3)|(灵芝,113,117,2825,5)
55	灵芝	5	28	(深圳北,726,684,1737,4-5)|(西丽,506,502,789,5)|(民治,422,408,1756,5)|(五和,418,399,1931,5)|(兴东,396,392,506,5)|(大学城,373,355,1022,5)|(宝华,285,291,654,5)|(翻身,266,306,480,5)|(宝安中心,263,271,652,1)|(布吉,235,216,2825,3-5)|(坪洲,226,230,932,1)|(留仙洞,224,244,714,5)|(塘朗,220,182,1260,5)|(宝体,218,220,873,1)|(固戍,195,129,1366,1)|(深大,166,170,1583,1)|(龙华,156,156,2771,4)|(桃园,139,154,1550,1)|(清湖,134,154,2871,4)|(坂田,128,140,2067,5)|(洪浪北,115,133,294,5)|(大新,112,120,1300,1)|(高新园,104,121,1812,1)|(老街,100,111,3648,3)|(长龙,96,87,2696,5)|(后瑞,94,104,1534,1)|(黄贝岭,93,101,3880,5)|(杨美,89,91,2144,5)
56	华新	3	28	(丹竹头,687,682,1975,3)|(老街,536,451,657,3)|(大芬,457,393,1868,3)|(布吉,457,409,1560,3-5)|(草埔,422,463,1310,3)|(益田,391,421,1094,3)|(石厦,330,331,900,3)|(木棉湾,326,327,1704,3)|(晒布,315,376,757,3)|(莲花村,271,328,424,3)|(翠竹,270,292,935,3)|(横岗,225,226,2649,3)|(购物公园,202,211,890,1-3)|(红岭,194,177,420,3)|(少年宫,191,207,786,3-4)|(龙华,187,192,2272,4)|(塘坑,181,160,2443,3)|(田贝,178,197,1077,3)|(深圳北,169,154,1888,4-5)|(双龙,153,173,3703,3)|(罗湖,148,161,909,1)|(六约,147,161,2243,3)|(福田,140,152,733,3)|(白石龙,123,127,1361,4)|(通新岭,123,169,357,3)|(爱联,120,119,3080,3)|(清湖,112,145,2452,4)|(民乐,100,114,1326,4)
57	福田口岸	4	28	(福民,1688,2089,373,4)|(罗湖,827,240,1835,1)|(深圳北,763,771,1493,4-5)|(会展中心,408,200,559,1)|(龙华,388,375,2101,4)|(民乐,332,368,1332,4)|(国贸,306,110,1612,1)|(清湖,305,366,2347,4)|(白石龙,285,272,1395,4)|(上梅林,276,247,1087,4)|(莲花北,209,309,982,4)|(五和,186,167,2334,5)|(红山,157,149,1686,4)|(少年宫,151,161,763,3-4)|(老街,149,132,1553,3)|(龙胜,148,215,1923,4)|(民治,121,108,2222,5)|(上塘,116,136,1804,4)|(华强路,113,185,1166,1)|(购物公园,112,129,901,1-3)|(岗厦,112,173,846,1)|(大剧院,102,123,1329,1-2)|(市民中心,90,102,538,2-4)|(景田,83,90,1458,2)|(黄贝岭,80,85,1875,5)|(湖贝,74,70,2166,2)|(世界之窗,74,81,1853,1)|(布吉,70,79,2903,3-5)
58	鲤鱼门	1	26	(大新,1211,1320,326,1)|(桃园,997,1047,453,1)|(高新园,352,270,748,1)|(白石洲,307,360,980,1)|(竹子林,304,327,1367,1)|(深大,263,274,685,1)|(坪洲,254,286,856,1)|(固戍,181,125,1339,1)|(世界之窗,179,249,1045,1)|(侨城东,172,201,1231,1)|(岗厦,155,148,2073,1)|(宝体,151,141,676,1)|(深圳北,151,137,2682,4-5)|(宝安中心,148,145,650,1)|(灵芝,148,144,1166,5)|(购物公园,144,169,1925,1-3)|(新安,143,159,497,1)|(塘朗,142,165,2202,5)|(兴东,133,133,1337,5)|(大剧院,133,128,2575,1-2)|(会展中心,128,86,2010,1)|(华强路,118,161,2259,1)|(翻身,116,120,1085,5)|(五和,115,111,2841,5)|(西丽,110,104,1785,5)|(民治,99,106,2582,5)
59	龙城广场	3	29	(横岗,645,665,1099,3)|(双龙,628,635,564,3)|(爱联,490,444,494,3)|(南联,455,423,339,3)|(布吉,439,384,2137,3-5)|(吉祥,397,347,402,3)|(大芬,345,360,1826,3)|(丹竹头,342,354,1775,3)|(塘坑,317,310,1366,3)|(老街,316,320,3155,3)|(大运,262,257,676,3)|(草埔,253,239,2399,3)|(罗湖,240,219,3585,1)|(木棉湾,233,286,1993,3)|(永湖,210,215,980,3)|(荷坳,189,186,830,3)|(深圳北,180,164,3798,4-5)|(六约,175,183,1490,3)|(华新,168,188,3452,3)|(翠竹,151,144,2838,3)|(五和,150,157,3389,5)|(晒布,142,145,2920,3)|(民治,138,126,3598,5)|(国贸,135,81,3462,1)|(益田,122,135,4254,3)|(大剧院,106,132,3464,1-2)|(长龙,106,112,2649,5)|(华强路,97,127,3677,1)|(田贝,96,104,2613,3)
60	益田	3	29	(购物公园,498,580,625,1-3)|(福田,390,349,705,3)|(华新,373,390,1094,3)|(老街,363,350,1573,3)|(通新岭,309,318,1203,3)|(布吉,270,248,2376,3-5)|(翠竹,235,229,1655,3)|(少年宫,234,223,857,3-4)|(丹竹头,219,239,2875,3)|(木棉湾,216,194,2543,3)|(红岭,212,168,1301,3)|(深圳北,206,196,2021,4-5)|(大芬,190,184,2629,3)|(大剧院,176,229,1599,1-2)|(草埔,170,164,2132,3)|(石厦,166,163,496,3)|(晒布,163,186,1616,3)|(龙华,152,163,2502,4)|(黄贝岭,147,148,1794,5)|(罗湖,147,140,1858,1)|(上梅林,145,114,1279,4)|(莲花村,142,164,914,3)|(景田,131,130,1071,2)|(田贝,131,130,1832,3)|(华强北,125,118,1234,2)|(双龙,121,128,4588,3)|(五和,116,106,2744,5)|(横岗,111,111,3375,3)|(清湖,106,142,2760,4)
61	赤湾	2	26	(水湾,970,892,664,2)|(东角头,899,831,793,2)|(世界之窗,508,574,1970,1)|(海上世界,414,360,517,2)|(海月,384,363,1056,2)|(科苑,259,241,1449,2)|(竹子林,238,322,2318,1)|(后海,224,236,1213,2-11)|(景田,222,235,2751,2)|(蛇口港,201,255,520,2)|(深圳北,197,169,4422,4-5)|(湾厦,174,175,917,2)|(黄贝岭,166,152,3880,5)|(登良,162,182,1094,2)|(侨城北,154,144,1989,2)|(罗湖,154,116,3814,1)|(大剧院,132,136,3679,1-2)|(福田,117,100,2991,3)|(白石洲,112,147,1884,1)|(红树湾,111,94,1595,2)|(龙华,107,111,4684,4)|(布吉,97,80,5105,3-5)|(双龙,88,76,7047,3)|(塘朗,85,170,4643,5)|(鲤鱼门,78,79,2776,1)|(清湖,78,98,5191,4)
62	前海湾	1-11	25	(大新,709,464,620,1)|(鲤鱼门,370,244,405,1)|(沙井,330,360,2583,11)|(南山,323,202,539,11)|(深圳北,321,351,2360,4-5)|(宝安中心,317,170,682,1)|(灵芝,294,310,963,5)|(翻身,289,283,730,5)|(竹子林,249,298,1641,1)|(碧头,230,195,2717,11)|(松岗,230,251,2466,11)|(桃园,227,192,649,1)|(五和,218,251,2550,5)|(临海,211,119,398,5)|(民治,205,242,2478,5)|(碧海湾,200,145,805,11)|(机场,196,251,1043,11)|(坪洲,177,213,723,1)|(福永,177,174,1404,11)|(后海,176,135,1912,2-11)|(西丽,175,181,1409,5)|(桥头,150,193,1704,11)|(兴东,146,153,981,5)|(世界之窗,133,137,1169,1)|(洪浪北,121,147,1198,5)
63	华侨城	1	27	(白石洲,1132,1267,374,1)|(世界之窗,939,1001,301,1)|(高新园,414,323,545,1)|(桃园,389,371,901,1)|(购物公园,298,317,929,1-3)|(大新,291,271,990,1)|(竹子林,261,260,530,1)|(大剧院,254,279,1504,1-2)|(侨城东,234,374,254,1)|(会展中心,232,149,1050,1)|(老街,212,170,1694,3)|(罗湖,169,180,1936,1)|(岗厦,162,182,1171,1)|(坪洲,161,182,1774,1)|(华强路,152,225,1239,1)|(国贸,147,110,1787,1)|(深大,132,162,672,1)|(深圳北,128,120,2276,4-5)|(红树湾,117,136,755,2)|(车公庙,113,119,610,1)|(侨城北,111,95,803,2)|(后海,96,86,922,2-11)|(固戍,94,71,2313,1)|(龙华,94,89,2966,4)|(科苑,91,102,1750,2)|(福民,87,90,1285,4)|(海月,79,79,1210,2)
64	沙井	11	27	(碧海湾,599,607,1770,11)|(南山,467,474,2210,11)|(福永,357,350,1025,11)|(宝安,313,292,1989,11)|(桥头,303,295,796,11)|(松岗,302,290,691,11)|(深圳北,272,239,4564,4-5)|(福田,242,240,3319,3)|(马鞍山,229,214,738,11)|(老街,214,237,4657,3)|(机场,210,203,1393,11)|(罗湖,192,165,4783,1)|(灵芝,191,189,2874,5)|(后海,186,205,2603,2-11)|(后亭,186,187,1015,11)|(大新,179,173,2724,1)|(塘尾,163,156,548,11)|(福田口岸,149,110,4245,4)|(西丽,133,138,3475,5)|(五和,132,135,4819,5)|(碧头,129,128,858,11)|(桃园,128,143,2903,1)|(民治,120,106,4505,5)|(黄贝岭,110,108,4451,5)|(洪浪北,107,110,3286,5)|(大剧院,104,125,4249,1-2)|(华强路,104,173,3884,1)
65	莲花北	4	28	(深圳北,704,663,918,4-5)|(会展中心,632,335,600,1)|(福田口岸,592,320,982,4)|(龙华,515,572,1458,4)|(清湖,449,605,1612,4)|(少年宫,413,439,569,3-4)|(民乐,370,416,581,4)|(上梅林,354,247,549,4)|(白石龙,318,282,712,4)|(福民,260,315,697,4)|(上塘,257,297,1149,4)|(红山,254,239,1003,4)|(龙胜,243,429,1228,4)|(市民中心,205,174,533,2-4)|(五和,197,177,1647,5)|(大剧院,159,212,1497,1-2)|(老街,142,129,1519,3)|(民治,142,112,1623,5)|(岗厦,128,145,1012,1)|(石厦,124,111,1197,3)|(福田,121,121,839,3)|(购物公园,120,144,996,1-3)|(益田,104,122,1345,3)|(华强北,97,104,1119,2)|(坂田,95,101,1834,5)|(华强路,89,142,1267,1)|(罗湖,85,74,1873,1)|(黄贝岭,80,91,1776,5)
66	杨美	5	28	(五和,859,924,610,5)|(民治,507,532,835,5)|(布吉,477,459,930,3-5)|(深圳北,439,433,929,4-5)|(长龙,344,358,723,5)|(下水径,327,323,557,5)|(黄贝岭,325,341,1643,5)|(怡景,289,285,1375,5)|(华强北,277,261,2583,2)|(西丽,261,249,1587,5)|(湖贝,260,228,1853,2)|(坂田,231,229,381,5)|(大剧院,230,278,2084,1-2)|(大学城,193,188,1497,5)|(老街,161,197,2192,3)|(上梅林,150,129,1917,4)|(布心,150,161,1262,5)|(上水径,147,167,393,5)|(燕南,143,153,2216,2)|(草埔,130,128,1155,3)|(灵芝,121,129,2144,5)|(太安,118,118,1323,5)|(百鸽笼,101,97,1021,5)|(丹竹头,90,90,1639,3)|(塘朗,90,84,1202,5)|(龙华,89,81,2031,4)|(洪浪北,89,87,1988,5)|(留仙洞,84,79,1699,5)
67	桥头	11	27	(碧海湾,700,682,1317,11)|(南山,601,581,1842,11)|(沙井,471,451,796,11)|(机场,348,371,875,11)|(宝安,317,298,1341,11)|(松岗,307,275,1270,11)|(深圳北,293,268,4073,4-5)|(大新,232,225,2114,1)|(后海,228,273,2290,2-11)|(福永,215,228,442,11)|(福田,191,185,3005,3)|(灵芝,189,197,2436,5)|(马鞍山,179,204,655,11)|(桃园,175,185,2598,1)|(老街,160,173,4404,3)|(后亭,153,146,968,11)|(罗湖,145,124,4242,1)|(深大,140,152,3204,1)|(西丽,137,132,3526,5)|(高新园,136,126,2588,1)|(兴东,130,128,2908,5)|(五和,129,138,4323,5)|(华强路,127,172,3562,1)|(民治,122,108,4377,5)|(塘尾,109,144,522,11)|(科苑,107,107,2602,2)|(洪浪北,105,110,2698,5)
68	松岗	11	27	(碧海湾,550,561,2087,11)|(沙井,487,466,691,11)|(南山,409,425,2669,11)|(福永,385,403,1368,11)|(宝安,336,305,2350,11)|(桥头,295,313,1270,11)|(塘尾,253,260,1058,11)|(机场,243,227,1639,11)|(深圳北,243,207,4851,4-5)|(老街,235,250,4787,3)|(福田,228,229,3536,3)|(马鞍山,192,201,764,11)|(大新,191,186,4061,1)|(后海,186,215,2952,2-11)|(碧头,179,188,445,11)|(罗湖,177,170,5191,1)|(灵芝,149,155,3223,5)|(后亭,148,159,570,11)|(西丽,116,105,3793,5)|(黄贝岭,115,112,5528,5)|(五和,103,103,4988,5)|(桃园,103,118,4830,1)|(华强路,102,156,4168,1)|(华强北,100,100,4169,2)|(大剧院,99,118,5004,1-2)|(世界之窗,97,131,3985,1)|(景田,97,92,4275,2)
69	洪浪北	5	29	(深圳北,593,571,1537,4-5)|(西丽,506,497,718,5)|(翻身,502,547,745,5)|(五和,495,506,1867,5)|(民治,421,440,1676,5)|(大学城,366,396,831,5)|(宝安中心,297,300,583,1)|(坪洲,248,268,1094,1)|(兴东,238,228,329,5)|(宝华,234,216,701,5)|(留仙洞,223,248,543,5)|(大新,209,230,1319,1)|(布吉,203,199,2694,3-5)|(西乡,202,86,1187,1)|(固戍,200,162,1501,1)|(宝体,199,181,912,1)|(灵芝,197,183,294,5)|(深大,194,162,1692,1)|(塘朗,188,188,1109,5)|(龙华,174,170,2451,4)|(清湖,156,180,2672,4)|(桃园,153,147,1442,1)|(坂田,106,124,1876,5)|(南山,103,104,1428,11)|(上梅林,97,86,2385,4)|(杨美,90,105,1988,5)|(黄贝岭,89,93,3400,5)|(机场东,89,130,2195,1)|(高新园,85,91,1874,1)
70	国贸	1	27	(罗湖,992,1171,417,1)|(大剧院,452,483,505,1-2)|(老街,382,247,539,3)|(华强路,343,529,731,1)|(科学馆,317,168,609,1)|(岗厦,280,330,891,1)|(大芬,257,245,1642,3)|(会展中心,243,161,1035,1)|(布吉,232,209,1740,3-5)|(丹竹头,220,275,1867,3)|(购物公园,196,214,1082,1-3)|(世界之窗,189,162,1880,1)|(福民,185,164,1303,4)|(福田口岸,180,169,1612,4)|(深圳北,166,135,2469,4-5)|(木棉湾,162,175,1730,3)|(白石洲,143,165,2108,1)|(龙华,140,129,2917,4)|(桃园,137,125,2599,1)|(草埔,128,178,1367,3)|(翠竹,119,120,797,3)|(大新,119,109,2613,1)|(民乐,99,98,1984,4)|(横岗,97,100,2641,3)|(益田,96,98,1694,3)|(华新,95,95,896,3)|(晒布,94,92,596,3)
71	通新岭	3	28	(益田,562,608,1203,3)|(老街,491,364,463,3)|(莲花村,436,497,531,3)|(翠竹,421,415,807,3)|(石厦,389,376,1081,3)|(木棉湾,316,319,1526,3)|(大芬,304,313,1732,3)|(丹竹头,294,336,1781,3)|(晒布,287,325,601,3)|(少年宫,287,247,759,3-4)|(购物公园,281,262,1063,1-3)|(华新,275,234,357,3)|(布吉,257,251,1369,3-5)|(福田,232,225,887,3)|(罗湖,223,240,778,1)|(田贝,197,212,907,3)|(草埔,180,183,1216,3)|(国贸,175,102,608,1)|(龙华,146,150,2427,4)|(深圳北,135,133,1939,4-5)|(大剧院,123,118,704,1-2)|(塘坑,119,131,2278,3)|(横岗,117,132,2540,3)|(六约,116,128,2140,3)|(景田,107,103,1353,2)|(清湖,104,137,2489,4)|(五和,100,90,2666,5)|(白石龙,95,100,1558,4)
72	塘朗	5	26	(五和,824,798,1064,5)|(西丽,646,652,614,5)|(民治,625,608,799,5)|(深圳北,456,384,732,4-5)|(灵芝,426,502,1260,5)|(大学城,344,369,466,5)|(翻身,305,328,1355,5)|(洪浪北,282,285,1109,5)|(坪洲,280,346,1894,1)|(布吉,257,266,1882,3-5)|(坂田,207,224,1367,5)|(龙华,188,185,1900,4)|(兴东,163,150,933,5)|(大新,156,172,2242,1)|(清湖,146,165,1844,4)|(鲤鱼门,144,123,2202,1)|(留仙洞,141,175,652,5)|(杨美,137,153,1202,5)|(上梅林,118,97,1372,4)|(固戍,116,86,2360,1)|(黄贝岭,114,110,2687,5)|(长龙,96,101,1700,5)|(怡景,96,94,2381,5)|(民乐,96,99,1321,4)|(桃园,92,103,2366,1)|(下水径,83,78,1606,5)
73	民乐	4	28	(上梅林,742,604,596,4)|(会展中心,668,501,1017,1)|(福田口岸,620,366,1332,4)|(深圳北,401,372,648,4-5)|(少年宫,360,436,732,3-4)|(福民,307,378,986,4)|(莲花北,276,353,581,4)|(龙华,254,249,1160,4)|(福田,244,264,1270,3)|(市民中心,218,236,796,2-4)|(清湖,214,263,1276,4)|(老街,209,239,1912,3)|(华强路,206,332,1461,1)|(大剧院,193,243,1759,1-2)|(华强北,186,192,1441,2)|(国贸,180,112,1984,1)|(岗厦,167,215,1273,1)|(石厦,159,143,1311,3)|(购物公园,148,197,1292,1-3)|(益田,136,148,1626,3)|(车公庙,135,172,1739,1)|(上塘,133,133,834,4)|(华新,132,136,1326,3)|(龙胜,125,186,953,4)|(科苑,116,121,2716,2)|(红山,115,102,634,4)|(竹子林,108,131,1750,1)|(高新园,105,135,2332,1)
74	罗湖	1	28	(老街,1048,862,493,3)|(国贸,939,448,417,1)|(大剧院,506,532,664,1-2)|(科学馆,346,192,754,1)|(华强路,320,447,876,1)|(布吉,297,287,1784,3-5)|(大芬,215,233,1820,3)|(岗厦,196,211,1028,1)|(晒布,183,193,747,3)|(丹竹头,180,230,1965,3)|(福田口岸,177,366,1835,4)|(世界之窗,168,171,2279,1)|(双龙,150,183,3840,3)|(会展中心,145,86,1158,1)|(木棉湾,143,171,1735,3)|(翠竹,139,142,856,3)|(深圳北,137,174,2540,4-5)|(福民,137,124,1741,4)|(草埔,128,167,1405,3)|(横岗,127,140,2636,3)|(桃园,125,124,2673,1)|(白石洲,120,150,2166,1)|(购物公园,116,115,1471,1-3)|(田贝,113,125,1186,3)|(大新,102,95,2822,1)|(坪洲,98,111,3627,1)|(龙华,91,100,3139,4)|(五和,86,112,3042,5)
75	石厦	3	28	(购物公园,538,559,526,1-3)|(老街,418,411,1372,3)|(福田,370,362,506,3)|(华新,369,386,900,3)|(少年宫,299,316,703,3-4)|(深圳北,252,229,1941,4-5)|(通新岭,241,258,1081,3)|(上梅林,216,186,1322,4)|(红岭,212,161,1213,3)|(布吉,203,180,2263,3-5)|(益田,198,202,496,3)|(大剧院,192,254,1494,1-2)|(华强北,177,159,1034,2)|(莲花村,176,204,753,3)|(翠竹,175,176,1630,3)|(木棉湾,161,154,2423,3)|(丹竹头,155,172,2696,3)|(龙华,154,153,2361,4)|(晒布,143,156,1434,3)|(草埔,141,131,2116,3)|(罗湖,132,131,1993,1)|(民乐,128,148,1311,4)|(大芬,126,123,2529,3)|(白石龙,125,114,1745,4)|(世界之窗,119,126,1810,1)|(田贝,116,109,1780,3)|(景田,114,117,1064,2)|(黄贝岭,113,114,1540,5)
76	翠竹	3	28	(老街,540,418,631,3)|(布吉,421,399,893,3-5)|(大芬,369,381,1142,3)|(木棉湾,350,373,1010,3)|(草埔,344,358,663,3)|(晒布,327,339,361,3)|(丹竹头,326,398,1260,3)|(华新,303,306,935,3)|(罗湖,294,287,856,1)|(益田,259,277,1655,3)|(大剧院,249,271,775,1-2)|(通新岭,247,270,807,3)|(田贝,247,250,368,3)|(国贸,198,111,797,1)|(少年宫,171,165,1280,3-4)|(石厦,169,163,1630,3)|(红岭,167,142,632,3)|(横岗,166,168,1922,3)|(双龙,165,205,3099,3)|(莲花村,157,171,1083,3)|(塘坑,151,152,1708,3)|(五和,139,133,2243,5)|(水贝,133,132,500,3)|(岗厦,130,126,1154,1)|(华强路,128,178,1053,1)|(六约,128,152,1528,3)|(购物公园,127,151,1565,1-3)|(大运,121,124,2264,3)
77	海上世界	2	27	(世界之窗,855,836,1523,1)|(东角头,825,1058,583,2)|(海月,501,459,801,2)|(后海,317,277,1022,2-11)|(登良,315,338,974,2)|(湾厦,310,352,671,2)|(蛇口港,235,255,366,2)|(科苑,229,280,1087,2)|(景田,210,222,2406,2)|(水湾,208,229,388,2)|(红树湾,177,192,1366,2)|(坪洲,165,157,3298,1)|(大剧院,156,177,3496,1-2)|(侨城北,152,176,1567,2)|(白石洲,152,180,1757,1)|(黄贝岭,141,121,3660,5)|(深圳北,134,105,4138,4-5)|(南山,112,95,1853,11)|(湖贝,112,77,3690,2)|(香梅北,107,104,2440,2)|(大新,103,82,2548,1)|(华强北,102,81,3113,2)|(龙华,100,85,4624,4)|(购物公园,89,85,2420,1-3)|(赤湾,89,91,517,2)|(罗湖,85,77,3875,1)|(侨香,83,95,2035,2)
78	下水径	5	26	(黄贝岭,485,471,1311,5)|(大剧院,431,489,1764,1-2)|(华强北,415,375,2004,2)|(五和,409,415,881,5)|(布吉,372,366,566,3-5)|(深圳北,359,399,1216,4-5)|(怡景,345,311,1087,5)|(布心,314,310,715,5)|(湖贝,292,265,1609,2)|(杨美,286,322,557,5)|(民治,276,307,1184,5)|(长龙,227,181,718,5)|(太安,219,223,901,5)|(坂田,211,204,625,5)|(老街,207,241,1915,3)|(百鸽笼,199,172,589,5)|(西丽,169,177,2023,5)|(燕南,167,158,1910,2)|(罗湖,147,146,2422,1)|(大学城,132,148,1910,5)|(翠竹,113,111,1530,3)|(田贝,109,121,1258,3)|(福田,99,87,2551,3)|(丹竹头,99,93,1426,3)|(大芬,97,89,1090,3)|(上梅林,93,85,2019,4)
79	木棉湾	3	29	(老街,568,579,1434,3)|(翠竹,357,360,1010,3)|(罗湖,339,302,1735,1)|(华新,325,377,1704,3)|(双龙,317,304,2275,3)|(田贝,302,299,840,3)|(大剧院,299,346,1483,1-2)|(科学馆,297,178,1564,1)|(国贸,277,155,1730,1)|(大芬,271,211,392,3)|(丹竹头,256,242,524,3)|(横岗,232,193,999,3)|(晒布,218,261,1201,3)|(益田,211,260,2543,3)|(大运,194,178,1512,3)|(华强路,189,265,1797,1)|(通新岭,182,207,1526,3)|(塘坑,180,140,897,3)|(南联,168,139,2119,3)|(龙城广场,166,135,1993,3)|(福田,164,179,2215,3)|(吉祥,160,136,1941,3)|(草埔,155,163,542,3)|(布吉,151,144,457,3-5)|(爱联,146,137,1678,3)|(石厦,142,154,2423,3)|(岗厦,140,142,2175,1)|(少年宫,139,145,2019,3-4)|(深圳北,128,142,2065,4-5)
80	晒布	3	28	(布吉,501,410,1011,3-5)|(丹竹头,463,525,1513,3)|(草埔,429,415,851,3)|(罗湖,405,438,747,1)|(华新,398,414,757,3)|(大芬,385,374,1313,3)|(翠竹,344,380,361,3)|(田贝,277,305,565,3)|(木棉湾,259,264,1201,3)|(老街,228,186,446,3)|(科学馆,216,130,698,1)|(益田,214,222,1616,3)|(大剧院,207,239,643,1-2)|(通新岭,197,213,601,3)|(横岗,170,182,2060,3)|(购物公园,164,187,1531,1-3)|(双龙,163,197,3315,3)|(红岭,159,130,463,3)|(石厦,153,154,1434,3)|(华强路,151,209,888,1)|(塘坑,147,139,1835,3)|(少年宫,144,147,1218,3-4)|(五和,140,134,2222,5)|(水贝,134,136,663,3)|(莲花村,131,146,929,3)|(大运,113,121,2566,3)|(深圳北,112,117,2565,4-5)|(六约,110,124,1646,3)
81	车公庙	1	24	(购物公园,351,328,500,1-3)|(世界之窗,308,298,756,1)|(坪洲,300,360,2232,1)|(岗厦,290,339,691,1)|(会展中心,284,168,642,1)|(大剧院,272,336,1108,1-2)|(华强路,270,344,957,1)|(白石龙,254,248,1736,4)|(白石洲,241,307,881,1)|(老街,234,194,1276,3)|(桃园,234,221,1308,1)|(民乐,228,208,1739,4)|(龙华,225,224,2455,4)|(深圳北,222,186,2094,4-5)|(大新,197,201,1448,1)|(高新园,178,218,983,1)|(五和,172,149,2861,5)|(竹子林,169,238,384,1)|(清湖,147,201,2745,4)|(布吉,145,155,2538,3-5)|(丹竹头,136,175,2972,3)|(大芬,133,143,2673,3)|(罗湖,127,133,1683,1)|(木棉湾,119,141,2480,3)
82	龙胜	4	28	(深圳北,688,651,685,4-5)|(上梅林,519,457,1183,4)|(清湖,434,481,633,4)|(龙华,430,437,487,4)|(福田口岸,372,234,1923,4)|(会展中心,364,252,1687,1)|(莲花北,292,333,1228,4)|(华强路,289,383,2267,1)|(福民,235,251,1745,4)|(华强北,224,210,2332,2)|(老街,211,252,2430,3)|(少年宫,209,207,1436,3-4)|(白石龙,182,164,753,4)|(民乐,176,194,953,4)|(红山,169,193,582,4)|(罗湖,156,138,2830,1)|(岗厦,155,159,2011,1)|(市民中心,147,125,1621,2-4)|(布吉,145,138,2179,3-5)|(西丽,142,145,1926,5)|(大剧院,136,170,2560,1-2)|(华新,128,130,2258,3)|(益田,123,123,2413,3)|(大学城,120,126,2055,5)|(石厦,108,105,2185,3)|(福田,107,94,2074,3)|(五和,106,142,1540,5)|(民治,99,107,1359,5)
83	大芬	3	27	(老街,593,600,1440,3)|(罗湖,380,339,1820,1)|(华新,322,396,1868,3)|(国贸,319,183,1642,1)|(田贝,312,318,1065,3)|(布吉,306,280,606,3-5)|(翠竹,300,283,1142,3)|(双龙,298,300,2134,3)|(丹竹头,266,275,442,3)|(晒布,254,290,1313,3)|(大剧院,241,283,1851,1-2)|(横岗,226,207,974,3)|(华强路,181,238,2151,1)|(塘坑,179,160,871,3)|(深圳北,178,180,2231,4-5)|(龙城广场,171,150,1826,3)|(大运,169,171,1461,3)|(草埔,166,156,729,3)|(益田,164,171,2629,3)|(木棉湾,162,217,392,3)|(福田,151,144,2301,3)|(通新岭,147,149,1732,3)|(爱联,145,144,1574,3)|(南联,145,128,1994,3)|(五和,141,149,1604,5)|(岗厦,136,129,2125,1)|(吉祥,131,125,1679,3)
84	田贝	3	27	(老街,620,511,732,3)|(大芬,521,512,1065,3)|(布吉,464,431,674,3-5)|(草埔,451,469,460,3)|(丹竹头,442,535,1082,3)|(木棉湾,366,407,840,3)|(晒布,330,352,565,3)|(罗湖,324,301,1186,1)|(翠竹,313,320,368,3)|(华新,257,260,1077,3)|(横岗,220,220,1694,3)|(大剧院,196,207,809,1-2)|(六约,188,214,1620,3)|(益田,185,200,1832,3)|(长龙,162,159,1204,5)|(双龙,161,182,3005,3)|(通新岭,159,163,907,3)|(深圳北,155,122,2416,4-5)|(五和,154,146,1827,5)|(塘坑,146,154,1625,3)|(下水径,138,132,1258,5)|(华强路,133,207,1138,1)|(购物公园,132,156,1703,1-3)|(石厦,132,140,1780,3)|(民治,122,118,2061,5)|(大运,115,118,2208,3)|(少年宫,108,102,1505,3-4)
85	南联	3	28	(横岗,645,653,1301,3)|(爱联,561,561,702,3)|(吉祥,527,471,519,3)|(双龙,449,545,408,3)|(龙城广场,438,415,339,3)|(布吉,412,351,2427,3-5)|(丹竹头,357,366,1859,3)|(大运,357,373,808,3)|(老街,309,312,3336,3)|(大芬,288,298,1994,3)|(罗湖,279,243,3735,1)|(草埔,266,249,2479,3)|(塘坑,248,242,1405,3)|(木棉湾,233,282,2119,3)|(荷坳,195,192,1031,3)|(六约,185,195,1645,3)|(深圳北,172,163,4468,4-5)|(永湖,168,188,1100,3)|(五和,157,158,3567,5)|(翠竹,150,142,2931,3)|(国贸,139,82,3624,1)|(民治,137,128,3826,5)|(华新,136,156,3680,3)|(益田,119,130,4447,3)|(晒布,117,122,3054,3)|(田贝,116,112,2833,3)|(大剧院,110,145,3631,1-2)|(长龙,101,97,2894,5)
86	大学城	5	28	(五和,979,973,1232,5)|(深圳北,754,719,978,4-5)|(民治,710,753,1069,5)|(西丽,527,514,426,5)|(灵芝,454,485,1022,5)|(洪浪北,325,317,831,5)|(翻身,279,283,1175,5)|(坪洲,278,303,1643,1)|(兴东,260,250,683,5)|(布吉,258,252,2190,3-5)|(坂田,240,271,1360,5)|(留仙洞,234,227,495,5)|(龙华,230,226,1939,4)|(塘朗,210,188,466,5)|(清湖,192,213,2140,4)|(杨美,167,187,1497,5)|(固戍,165,123,2196,1)|(长龙,148,141,1888,5)|(下水径,145,134,1910,5)|(大新,131,138,1975,1)|(上水径,92,112,1674,5)|(黄贝岭,86,92,2830,5)|(怡景,82,81,2705,5)|(后瑞,80,83,2352,1)|(龙胜,79,114,2055,4)|(上塘,77,79,1605,4)|(丹竹头,77,77,3238,3)|(桃园,75,84,2180,1)
87	香蜜	2	29	(景田,713,740,562,2)|(华强北,620,601,1178,2)|(大剧院,551,628,1544,1-2)|(福田,457,421,833,3)|(岗厦北,369,373,1042,2)|(香梅北,355,366,486,2)|(侨香,347,369,334,2)|(世界之窗,337,363,902,1)|(莲花西,262,257,647,2)|(黄贝岭,260,255,1702,5)|(燕南,247,268,1210,2)|(湖贝,245,291,1658,2)|(深康,222,209,517,2)|(科苑,165,156,1225,2)|(市民中心,159,122,961,2-4)|(福田口岸,152,95,1798,4)|(益田,144,141,1392,3)|(会展中心,141,84,1517,1)|(石厦,133,111,1184,3)|(老街,125,127,2082,3)|(侨城北,119,120,773,2)|(购物公园,118,130,1253,1-3)|(罗湖,107,110,2196,1)|(少年宫,105,115,1586,3-4)|(通新岭,93,107,1569,3)|(白石洲,90,103,1226,1)|(福民,87,110,1628,4)|(新秀,85,83,1985,2)|(后海,84,93,1449,2-11)
88	水贝	3	26	(布吉,586,534,621,3-5)|(丹竹头,494,610,942,3)|(老街,478,417,798,3)|(大芬,460,427,895,3)|(翠竹,361,361,500,3)|(晒布,321,356,663,3)|(木棉湾,302,346,716,3)|(罗湖,298,274,1496,1)|(华新,271,297,1147,3)|(草埔,260,261,341,3)|(田贝,250,179,353,3)|(六约,242,278,1308,3)|(大剧院,213,231,972,1-2)|(塘坑,210,218,1460,3)|(五和,208,212,1696,5)|(横岗,198,216,1630,3)|(益田,164,174,1979,3)|(深圳北,164,141,2082,4-5)|(双龙,156,180,2876,3)|(长龙,151,133,1171,5)|(民治,150,160,1951,5)|(下水径,149,141,1187,5)|(通新岭,142,154,1047,3)|(福田,132,135,1746,3)|(华强路,129,184,1304,1)|(购物公园,116,126,1865,1-3)
89	后海	2-11	27	(世界之窗,557,637,771,1)|(南山,360,392,694,11)|(科苑,327,391,442,2)|(东角头,317,298,788,2)|(坪洲,312,317,2474,1)|(海月,298,282,475,2)|(碧海湾,253,268,1388,11)|(福田,219,236,1944,3)|(水湾,194,197,944,2)|(白石洲,172,211,1040,1)|(景田,168,154,1724,2)|(固戍,168,107,2983,1)|(湾厦,165,129,619,2)|(宝安,164,157,865,11)|(红树湾,163,170,576,2)|(大剧院,152,190,2690,1-2)|(侨城北,144,145,994,2)|(机场,144,120,1765,11)|(沙井,130,124,2603,11)|(海上世界,126,153,1022,2)|(福永,124,129,2160,11)|(深圳北,121,102,3357,4-5)|(灵芝,120,108,2627,5)|(桥头,111,101,2290,11)|(黄贝岭,111,97,2873,5)|(翻身,104,98,2417,5)|(民治,104,93,4181,5)
90	双龙	3	28	(横岗,646,685,1453,3)|(布吉,508,437,2527,3-5)|(老街,405,396,3434,3)|(爱联,378,386,837,3)|(大芬,340,358,2134,3)|(丹竹头,339,352,2080,3)|(龙城广场,333,337,564,3)|(罗湖,328,293,3840,1)|(吉祥,299,292,728,3)|(南联,294,248,408,3)|(草埔,276,257,2585,3)|(大运,263,295,941,3)|(木棉湾,258,313,2275,3)|(塘坑,243,269,1663,3)|(六约,189,195,2267,3)|(深圳北,187,207,4128,4-5)|(五和,177,194,3714,5)|(翠竹,177,157,3099,3)|(永湖,160,178,1309,3)|(华新,156,164,3703,3)|(荷坳,156,163,1099,3)|(晒布,147,152,3315,3)|(益田,126,135,4588,3)|(田贝,122,121,3005,3)|(民治,121,117,3982,5)|(长龙,110,110,2938,5)|(西丽,101,104,4906,5)|(大剧院,98,117,3604,1-2)
91	大新	1	28	(坪洲,498,527,943,1)|(鲤鱼门,454,422,326,1)|(深大,433,498,540,1)|(固戍,383,242,1364,1)|(桃园,377,357,1776,1)|(西乡,354,130,1132,1)|(高新园,330,394,779,1)|(白石洲,285,349,820,1)|(深圳北,255,241,2801,4-5)|(世界之窗,225,277,1015,1)|(宝体,191,167,883,1)|(购物公园,187,239,1697,1-3)|(大剧院,186,208,2401,1-2)|(老街,181,172,2540,3)|(会展中心,166,118,1893,1)|(后瑞,163,181,1658,1)|(五和,158,177,3226,5)|(罗湖,152,160,2822,1)|(民治,149,151,3002,5)|(岗厦,140,144,1921,1)|(宝安中心,139,132,722,1)|(洪浪北,135,127,1319,5)|(华强路,135,203,2156,1)|(竹子林,126,138,1339,1)|(机场东,121,216,1769,1)|(兴东,113,115,1447,5)|(灵芝,110,103,1300,5)|(西丽,99,94,1983,5)
92	深大	1	26	(坪洲,1300,1732,1281,1)|(西乡,580,326,1461,1)|(白石洲,544,550,454,1)|(大新,540,512,540,1)|(桃园,537,530,474,1)|(固戍,507,470,1707,1)|(世界之窗,292,280,723,1)|(宝体,222,236,1152,1)|(灵芝,167,183,1583,5)|(后瑞,164,172,2039,1)|(大剧院,157,138,2028,1-2)|(购物公园,156,136,1469,1-3)|(五和,154,145,3287,5)|(翻身,145,167,1477,5)|(深圳北,140,114,3023,4-5)|(民治,134,143,3081,5)|(宝安中心,125,107,1101,1)|(岗厦,125,106,1607,1)|(老街,124,99,2461,3)|(罗湖,116,96,2490,1)|(机场东,108,180,2159,1)|(洪浪北,101,142,1692,5)|(鲤鱼门,100,110,685,1)|(华强路,95,119,1855,1)|(竹子林,93,94,1041,1)|(龙华,91,99,3390,4)
93	海月	2	29	(东角头,769,739,565,2)|(世界之窗,725,793,819,1)|(科苑,463,481,737,2)|(水湾,436,399,800,2)|(后海,361,411,475,2-11)|(湾厦,298,268,384,2)|(海上世界,297,301,801,2)|(登良,254,248,428,2)|(大剧院,251,291,3004,1-2)|(红树湾,237,225,812,2)|(景田,209,212,1877,2)|(福田,202,206,2161,3)|(侨城北,177,166,1125,2)|(华强北,159,144,2549,2)|(白石洲,139,167,1116,1)|(会展中心,134,93,2338,1)|(南山,134,130,1378,11)|(深圳北,133,118,3795,4-5)|(黄贝岭,119,113,3085,5)|(侨香,117,127,1480,2)|(湖贝,111,97,2914,2)|(竹子林,111,110,1571,1)|(香梅北,103,100,1780,2)|(罗湖,100,96,3254,1)|(购物公园,98,154,2042,1-3)|(莲花西,96,88,1981,2)|(蛇口港,95,105,932,2)|(市民中心,94,89,2302,2-4)|(岗厦北,93,98,2384,2)
94	塘坑	3	28	(双龙,448,414,1663,3)|(老街,444,449,2093,3)|(布吉,423,384,1126,3-5)|(大芬,329,338,871,3)|(横岗,328,349,424,3)|(龙城广场,296,266,1366,3)|(草埔,292,265,1246,3)|(丹竹头,287,282,759,3)|(罗湖,274,261,2573,1)|(华新,262,304,2443,3)|(翠竹,240,224,1708,3)|(南联,237,214,1405,3)|(深圳北,230,224,2728,4-5)|(大运,230,241,928,3)|(木棉湾,215,278,897,3)|(爱联,189,193,988,3)|(晒布,189,214,1835,3)|(田贝,188,172,1625,3)|(永湖,186,190,569,3)|(吉祥,182,161,1209,3)|(荷坳,173,179,687,3)|(大剧院,155,189,2509,1-2)|(五和,153,170,2291,5)|(益田,136,139,3304,3)|(水贝,128,114,1460,3)|(华强路,126,161,2530,1)|(通新岭,124,113,2278,3)|(民治,122,130,2517,5)
95	华强路	1	26	(老街,609,442,758,3)|(岗厦,585,840,419,1)|(罗湖,441,487,876,1)|(国贸,418,235,731,1)|(大剧院,384,369,472,1-2)|(会展中心,316,183,573,1)|(购物公园,283,277,698,1-3)|(深圳北,251,182,1853,4-5)|(龙华,243,265,2321,4)|(世界之窗,212,215,1441,1)|(福民,182,190,900,4)|(丹竹头,179,277,2031,3)|(白石洲,177,243,1531,1)|(布吉,174,186,1813,3-5)|(竹子林,171,236,1028,1)|(固戍,168,129,3334,1)|(白石龙,159,154,1574,4)|(桃园,149,148,1987,1)|(大芬,148,169,2151,3)|(草埔,148,204,1460,3)|(清湖,142,200,2615,4)|(坪洲,133,158,2886,1)|(民乐,132,137,1461,4)|(大新,127,128,2156,1)|(木棉湾,123,145,1797,3)|(龙胜,106,187,2267,4)
96	清湖	4	27	(深圳北,764,746,987,4-5)|(龙华,575,610,464,4)|(福田口岸,380,235,2347,4)|(上梅林,373,355,1466,4)|(会展中心,339,229,2011,1)|(莲花北,247,300,1612,4)|(少年宫,236,253,1784,3-4)|(老街,221,235,3005,3)|(红山,211,221,862,4)|(上塘,195,209,682,4)|(西丽,193,206,2313,5)|(龙胜,190,322,633,4)|(福民,187,225,2090,4)|(华强路,186,251,2615,1)|(华强北,177,176,2598,2)|(罗湖,168,129,3127,1)|(白石龙,165,167,1145,4)|(布吉,157,139,2777,3-5)|(民乐,149,163,1276,4)|(大剧院,135,166,2934,1-2)|(大学城,134,150,2140,5)|(民治,132,118,1783,5)|(市民中心,131,111,2021,2-4)|(灵芝,124,135,2871,5)|(五和,114,112,1733,5)|(岗厦,112,105,2232,1)|(益田,110,105,2760,3)
97	碧头	11	27	(沙井,607,604,858,11)|(碧海湾,568,601,2181,11)|(松岗,550,524,445,11)|(福永,463,504,1524,11)|(南山,414,398,2932,11)|(桥头,277,301,1419,11)|(机场,276,249,1931,11)|(宝安,255,252,2394,11)|(塘尾,239,281,1142,11)|(福田,231,215,3579,3)|(深圳北,219,181,5088,4-5)|(马鞍山,206,215,987,11)|(后亭,185,189,600,11)|(后海,177,177,3092,2-11)|(竹子林,158,193,3995,1)|(大新,158,127,3098,1)|(罗湖,137,110,5048,1)|(灵芝,134,137,3500,5)|(鲤鱼门,127,137,3200,1)|(五和,120,117,5357,5)|(西丽,120,115,4080,5)|(老街,119,120,5197,3)|(华强北,107,95,4569,2)|(塘朗,106,124,4375,5)|(前海湾,102,116,2717,1-11)|(华强路,89,129,4463,1)|(桃园,87,97,3213,1)
98	龙华	4	28	(深圳北,648,657,909,4-5)|(清湖,455,525,464,4)|(上梅林,442,380,1287,4)|(会展中心,363,248,1884,1)|(福田口岸,359,221,2101,4)|(上塘,272,269,505,4)|(少年宫,242,253,1740,3-4)|(老街,233,259,2809,3)|(华强路,227,318,2321,1)|(福民,221,248,1815,4)|(莲花北,216,255,1458,4)|(华强北,215,207,2443,2)|(白石龙,196,175,967,4)|(红山,192,198,762,4)|(西丽,169,172,1995,5)|(龙胜,160,235,487,4)|(布吉,153,146,2728,3-5)|(岗厦,148,151,2216,1)|(市民中心,147,138,1819,2-4)|(大剧院,145,176,2889,1-2)|(大学城,131,132,1939,5)|(民乐,130,143,1160,4)|(罗湖,130,118,3139,1)|(华新,126,132,2272,3)|(灵芝,116,117,2771,5)|(益田,116,112,2502,3)|(福田,111,97,2053,3)|(五和,107,111,1784,5)
99	百鸽笼	5	27	(怡景,531,535,763,5)|(大剧院,462,549,1486,1-2)|(黄贝岭,454,453,944,5)|(长龙,421,462,531,5)|(华强北,415,401,1623,2)|(五和,394,402,1159,5)|(湖贝,390,331,1380,2)|(布吉,372,429,589,3-5)|(下水径,345,413,589,5)|(布心,337,336,504,5)|(太安,336,330,577,5)|(深圳北,290,275,1575,4-5)|(坂田,254,250,1025,5)|(民治,245,253,1393,5)|(福田,218,177,2024,3)|(燕南,215,216,1583,2)|(杨美,178,201,1021,5)|(大芬,155,150,943,3)|(岗厦北,140,115,1822,2)|(西丽,122,118,2308,5)|(会展中心,120,71,2300,1)|(丹竹头,103,111,1199,3)|(罗湖,92,85,2196,1)|(上水径,84,92,856,5)|(老街,82,90,2043,3)|(塘坑,79,72,1536,3)|(大学城,74,71,2299,5)
100	高新园	1	25	(坪洲,962,1205,1514,1)|(桃园,614,470,579,1)|(白石洲,594,1018,320,1)|(大新,477,455,779,1)|(西乡,421,195,1644,1)|(固戍,398,354,1992,1)|(世界之窗,352,289,425,1)|(宝体,203,190,1336,1)|(大剧院,191,203,1957,1-2)|(会展中心,170,94,1448,1)|(岗厦,167,195,1464,1)|(购物公园,163,122,1371,1-3)|(五和,143,127,3564,5)|(华强路,133,148,1603,1)|(灵芝,132,133,1812,5)|(民治,127,121,3315,5)|(翻身,125,104,1499,5)|(龙华,119,122,3332,4)|(车公庙,118,120,983,1)|(华侨城,114,167,545,1)|(鲤鱼门,110,172,748,1)|(宝安中心,109,111,1223,1)|(民乐,104,101,2332,4)|(后瑞,95,128,2339,1)|(景田,95,103,1494,2)
101	景田	2	28	(华强北,684,664,951,2)|(福田,544,536,492,3)|(大剧院,433,510,1189,1-2)|(侨香,405,404,733,2)|(世界之窗,274,305,1179,1)|(燕南,261,265,989,2)|(黄贝岭,259,259,1563,5)|(科苑,252,228,1530,2)|(湖贝,235,220,1422,2)|(岗厦北,222,228,713,2)|(会展中心,211,128,1253,1)|(香梅北,199,211,751,2)|(购物公园,180,197,1020,1-3)|(老街,175,178,1815,3)|(益田,155,167,1071,3)|(香蜜,146,154,562,2)|(市民中心,142,121,763,2-4)|(侨城北,133,118,1016,2)|(深圳北,124,112,2096,4-5)|(桃园,123,117,1984,1)|(石厦,119,115,1064,3)|(深大,118,101,1719,1)|(罗湖,114,119,1785,1)|(莲花西,112,122,399,2)|(深康,111,127,809,2)|(海月,103,102,1877,2)|(大新,103,100,2014,1)|(龙华,100,96,2500,4)
102	临海	5	28	(翻身,1397,1469,513,5)|(灵芝,877,801,681,5)|(宝安中心,594,659,655,1)|(深圳北,405,355,2085,4-5)|(洪浪北,386,374,795,5)|(兴东,293,312,906,5)|(西丽,283,273,1287,5)|(大新,268,337,864,1)|(民治,257,242,2233,5)|(五和,221,207,2460,5)|(坪洲,202,219,947,1)|(深大,186,146,1173,1)|(南山,167,135,1072,11)|(桃园,166,191,829,1)|(鲤鱼门,161,182,869,1)|(前海湾,154,251,398,1-11)|(宝华,133,112,530,5)|(后海,129,131,2021,2-11)|(留仙洞,128,145,1093,5)|(大学城,116,115,1516,5)|(坂田,113,101,2463,5)|(布吉,110,118,3232,3-5)|(宝体,107,137,956,1)|(龙华,94,87,3132,4)|(福田,90,88,2730,3)|(世界之窗,81,100,1496,1)|(清湖,80,91,3334,4)|(沙井,77,91,2499,11)
103	蛇口港	2	28	(世界之窗,493,532,1540,1)|(海上世界,437,385,366,2)|(东角头,423,381,601,2)|(水湾,395,385,468,2)|(黄贝岭,293,285,4119,5)|(海月,287,252,932,2)|(大剧院,253,310,3481,1-2)|(景田,247,248,2528,2)|(科苑,243,236,1169,2)|(后海,210,167,1105,2-11)|(湖贝,184,170,3639,2)|(竹子林,181,177,2029,1)|(侨城北,178,155,1747,2)|(深圳北,177,178,4245,4-5)|(登良,142,142,1060,2)|(罗湖,137,131,3843,1)|(华强北,135,111,3239,2)|(湾厦,133,128,1003,2)|(福田,122,122,2951,3)|(布吉,117,123,4759,3-5)|(龙华,115,116,4695,4)|(香梅北,115,124,2328,2)|(五和,111,124,5046,5)|(侨香,108,123,2141,2)|(坪洲,105,113,3070,1)|(清湖,104,143,4833,4)|(红树湾,103,101,1501,2)|(白石洲,94,129,2024,1)
104	市民中心	2-4	25	(会展中心,452,145,449,1)|(白石龙,410,398,990,4)|(龙华,395,415,1819,4)|(深圳北,385,340,1189,4-5)|(民乐,350,349,796,4)|(上梅林,349,291,629,4)|(福民,291,272,424,4)|(福田口岸,277,147,538,4)|(大剧院,263,281,1039,1-2)|(黄贝岭,248,261,1192,5)|(清湖,236,343,2021,4)|(华强北,232,187,675,2)|(红山,226,221,1222,4)|(五和,216,190,1751,5)|(景田,201,242,763,2)|(莲花北,186,289,533,4)|(湖贝,185,176,1089,2)|(民治,164,148,1871,5)|(上塘,156,188,2068,4)|(世界之窗,155,155,1590,1)|(龙胜,129,231,1621,4)|(燕南,113,112,696,2)|(新秀,104,138,1345,2)|(岗厦,99,111,849,1)|(侨香,97,115,1242,2)
105	草埔	3	29	(老街,742,683,1007,3)|(华新,441,441,1310,3)|(田贝,333,332,460,3)|(翠竹,327,319,663,3)|(晒布,327,390,851,3)|(罗湖,318,245,1405,1)|(布吉,293,265,398,3-5)|(大剧院,292,306,1149,1-2)|(国贸,269,111,1367,1)|(丹竹头,268,307,902,3)|(科学馆,264,161,1197,1)|(华强路,253,287,1460,1)|(双龙,249,294,2585,3)|(横岗,204,227,1472,3)|(五和,195,198,1550,5)|(大芬,187,194,729,3)|(益田,171,185,2132,3)|(大运,167,184,1799,3)|(塘坑,164,171,1246,3)|(深圳北,164,176,2119,4-5)|(民治,149,141,1790,5)|(木棉湾,146,149,542,3)|(南联,141,144,2479,3)|(岗厦,140,138,1576,1)|(六约,132,181,1107,3)|(龙城广场,132,133,2399,3)|(购物公园,126,148,2045,1-3)|(石厦,116,122,2116,3)|(爱联,114,134,2099,3)
106	福永	11	27	(南山,715,687,1648,11)|(碧海湾,575,562,973,11)|(沙井,499,488,1025,11)|(机场,403,418,800,11)|(松岗,355,329,1368,11)|(宝安,337,325,1209,11)|(后海,261,281,2160,2-11)|(深圳北,261,217,3946,4-5)|(福田,244,246,2866,3)|(桥头,208,194,442,11)|(大新,195,182,2191,1)|(后亭,183,183,1155,11)|(马鞍山,182,203,1186,11)|(灵芝,148,142,2235,5)|(碧头,146,140,1524,11)|(桃园,144,160,2344,1)|(老街,143,155,5341,3)|(罗湖,142,114,4032,1)|(五和,130,118,4274,5)|(华强路,121,167,3428,1)|(西丽,119,113,3123,5)|(民治,114,103,3775,5)|(科苑,106,105,2472,2)|(黄贝岭,105,94,3937,5)|(益田,94,97,3115,3)|(兴东,93,98,2739,5)|(塘尾,91,104,752,11)
107	深圳北	4-5	27	(五和,549,541,668,5)|(福田口岸,399,224,1493,4)|(龙华,359,330,909,4)|(西丽,325,335,1102,5)|(布吉,323,305,1569,3-5)|(清湖,301,359,987,4)|(灵芝,275,279,1737,5)|(上梅林,272,255,800,4)|(民治,237,215,1412,5)|(大学城,226,224,978,5)|(会展中心,199,144,1344,1)|(翻身,179,184,2014,5)|(福民,176,187,1468,4)|(坂田,171,171,752,5)|(黄贝岭,157,157,2374,5)|(洪浪北,147,152,1537,5)|(长龙,147,131,1427,5)|(莲花北,135,179,918,4)|(坪洲,130,148,2302,1)|(龙胜,128,194,685,4)|(下水径,123,107,1216,5)|(杨美,122,126,929,5)|(怡景,119,121,2046,5)|(兴东,116,127,1436,5)|(上塘,111,105,628,4)|(老街,110,105,2424,3)|(少年宫,109,126,1116,3-4)
108	福田	3	27	(景田,443,463,492,2)|(益田,353,410,705,3)|(石厦,313,307,506,3)|(南山,294,297,1279,11)|(黄贝岭,243,240,1199,5)|(大剧院,236,237,972,1-2)|(华强北,212,139,776,2)|(白石龙,200,212,1537,4)|(民乐,196,196,1270,4)|(机场,196,137,2206,11)|(香梅北,194,186,640,2)|(大芬,168,172,2301,3)|(布吉,163,182,2112,3-5)|(岗厦北,161,169,545,2)|(红岭,158,133,1003,3)|(木棉湾,156,152,2215,3)|(深圳北,145,127,1664,4-5)|(侨香,143,157,889,2)|(华新,141,141,733,3)|(龙华,139,157,2053,4)|(湖贝,137,128,1179,2)|(碧海湾,133,140,1960,11)|(丹竹头,131,156,2491,3)|(上梅林,130,112,1025,4)|(后海,121,125,1944,2-11)|(通新岭,120,132,887,3)|(新秀,120,151,1435,2)
109	华强北	2	28	(黄贝岭,648,642,706,5)|(湖贝,538,543,793,2)|(景田,490,495,951,2)|(大剧院,438,506,599,1-2)|(布心,323,331,1478,5)|(岗厦北,318,381,434,2)|(新秀,284,289,1002,2)|(五和,280,240,2769,5)|(布吉,275,281,1817,3-5)|(下水径,271,294,2004,5)|(龙华,265,259,2443,4)|(深圳北,262,191,2016,4-5)|(长龙,261,292,1974,5)|(香梅北,220,216,1084,2)|(世界之窗,179,172,1868,1)|(白石龙,173,141,1721,4)|(杨美,172,188,2583,5)|(清湖,167,197,2598,4)|(侨香,164,174,1396,2)|(怡景,153,156,1035,5)|(坂田,152,154,2496,5)|(莲花西,152,181,759,2)|(太安,146,145,1376,5)|(百鸽笼,144,142,1623,5)|(民乐,127,127,1441,4)|(福田,124,180,776,3)|(石厦,123,125,1034,3)|(上梅林,120,104,1290,4)
110	湖贝	2	27	(华强北,735,662,793,2)|(大剧院,607,710,456,1-2)|(布心,384,380,986,5)|(燕南,338,358,609,2)|(五和,294,316,2344,5)|(长龙,291,320,1448,5)|(黄贝岭,273,291,376,5)|(民治,271,288,2394,5)|(新秀,267,266,602,2)|(布吉,253,297,1348,3-5)|(下水径,246,268,1609,5)|(岗厦北,211,218,824,2)|(景田,208,221,1422,2)|(杨美,193,228,1853,5)|(太安,186,174,1035,5)|(深圳北,175,169,2464,4-5)|(世界之窗,171,154,2138,1)|(百鸽笼,153,173,1380,5)|(福田,147,151,1179,3)|(坂田,141,166,2022,5)|(莲花西,139,150,1217,2)|(怡景,124,133,786,5)|(香梅北,122,119,1547,2)|(龙华,121,109,2787,4)|(侨香,121,131,1816,2)|(益田,118,114,1668,3)|(罗湖,115,121,1214,1)
111	侨城北	2	26	(世界之窗,979,988,614,1)|(白石洲,373,387,808,1)|(科苑,344,295,903,2)|(华强北,287,255,1783,2)|(桃园,268,244,1516,1)|(景田,265,294,1016,2)|(黄贝岭,236,225,2225,5)|(深康,233,232,434,2)|(大剧院,232,269,1840,1-2)|(东角头,215,217,1449,2)|(后海,204,213,994,2-11)|(坪洲,194,271,2013,1)|(红树湾,190,200,535,2)|(海月,188,185,1125,2)|(水湾,186,177,1603,2)|(大新,185,174,1260,1)|(登良,171,177,1148,2)|(高新园,143,151,793,1)|(湖贝,140,138,2064,2)|(福田,136,141,1211,3)|(海上世界,125,98,1567,2)|(燕南,119,127,1664,2)|(岗厦北,109,116,1335,2)|(香梅北,108,110,794,2)|(石厦,104,105,1660,3)|(益田,103,108,1679,3)
112	宝华	5	27	(灵芝,1107,1067,654,5)|(翻身,1086,1195,494,5)|(坪洲,927,1042,861,1)|(洪浪北,526,585,701,5)|(固戍,525,390,1158,1)|(西乡,513,221,1154,1)|(宝安中心,378,369,391,1)|(宝体,304,277,597,1)|(兴东,285,351,902,5)|(深圳北,272,227,1919,4-5)|(五和,235,232,2452,5)|(西丽,227,247,1165,5)|(民治,220,226,2200,5)|(大新,211,224,1019,1)|(桃园,209,230,1067,1)|(后瑞,172,228,1316,1)|(白石洲,125,135,1551,1)|(南山,112,121,968,11)|(大学城,105,100,1271,5)|(机场东,99,174,1592,1)|(布吉,89,93,3275,3-5)|(龙华,77,85,2899,4)|(留仙洞,76,82,1018,5)|(坂田,72,80,2437,5)|(世界之窗,65,67,1756,1)|(清湖,65,72,3188,4)|(鲤鱼门,54,61,946,1)
113	太安	5	28	(怡景,694,766,405,5)|(布心,654,586,363,5)|(黄贝岭,643,646,683,5)|(大剧院,474,612,1099,1-2)|(布吉,463,445,875,3-5)|(长龙,421,417,903,5)|(下水径,376,368,901,5)|(深圳北,369,326,1817,4-5)|(华强北,357,331,1376,2)|(五和,353,351,1713,5)|(湖贝,329,327,1035,2)|(百鸽笼,277,274,577,5)|(民治,256,258,1697,5)|(坂田,193,196,1324,5)|(杨美,181,190,1323,5)|(燕南,144,152,1122,2)|(福田,138,137,1643,3)|(上水径,112,114,1106,5)|(大芬,111,97,1365,3)|(岗厦北,108,118,1479,2)|(西丽,93,93,2574,5)|(新秀,93,90,1047,2)|(罗湖,92,103,1746,1)|(丹竹头,90,87,1415,3)|(龙华,79,75,2779,4)|(景田,77,75,2076,2)|(灵芝,76,80,3212,5)|(市民中心,75,71,1813,2-4)
114	新安	1	28	(宝安中心,505,474,436,1)|(西乡,477,134,780,1)|(固戍,475,309,876,1)|(桃园,455,504,758,1)|(宝体,452,405,402,1)|(大新,444,501,573,1)|(坪洲,428,458,595,1)|(高新园,329,293,1094,1)|(深大,298,337,936,1)|(鲤鱼门,259,266,497,1)|(华强路,229,341,2508,1)|(后瑞,198,231,1204,1)|(大剧院,196,221,2795,1-2)|(翻身,195,161,845,5)|(白石洲,188,222,1140,1)|(会展中心,177,130,2344,1)|(灵芝,173,161,742,5)|(老街,165,172,2792,3)|(世界之窗,161,205,1329,1)|(罗湖,150,179,3323,1)|(机场东,147,287,1440,1)|(购物公园,142,211,2195,1-3)|(深圳北,137,141,2392,4-5)|(岗厦,129,127,2407,1)|(竹子林,127,134,1765,1)|(车公庙,102,98,1767,1)|(侨城东,98,101,1584,1)|(兴东,97,111,1018,5)
115	红山	4	28	(龙华,580,508,762,4)|(会展中心,574,376,1410,1)|(上梅林,550,487,987,4)|(清湖,479,514,862,4)|(福田口岸,415,239,1686,4)|(深圳北,364,390,413,4-5)|(少年宫,331,341,1202,3-4)|(莲花北,261,334,1003,4)|(福民,235,268,1466,4)|(市民中心,227,210,1222,2-4)|(白石龙,218,191,552,4)|(龙胜,205,247,582,4)|(华强路,195,308,1868,1)|(五和,186,197,1232,5)|(大剧院,182,241,2229,1-2)|(华强北,180,196,1854,2)|(福田,176,167,2137,3)|(上塘,175,165,394,4)|(老街,162,186,2355,3)|(民乐,154,172,634,4)|(岗厦,146,172,1628,1)|(石厦,117,108,1876,3)|(西丽,115,119,1493,5)|(益田,113,108,2027,3)|(车公庙,103,116,2079,1)|(布吉,101,98,1976,3-5)|(华新,100,119,1741,3)|(购物公园,96,126,1987,1-3)
116	白石龙	4	28	(会展中心,712,501,1143,1)|(上梅林,620,557,682,4)|(福田口岸,499,299,1395,4)|(少年宫,408,429,810,3-4)|(深圳北,373,393,422,4-5)|(龙华,339,358,967,4)|(福民,302,357,1180,4)|(福田,288,257,1537,3)|(市民中心,270,263,990,2-4)|(华强路,253,381,1574,1)|(清湖,239,278,1145,4)|(华强北,225,249,1721,2)|(莲花北,204,290,712,4)|(老街,199,229,1976,3)|(大剧院,176,215,1987,1-2)|(车公庙,175,183,1736,1)|(岗厦,171,171,1459,1)|(国贸,169,98,2200,1)|(华新,160,159,1361,3)|(红山,139,137,552,4)|(益田,134,141,1795,3)|(石厦,133,134,1745,3)|(上塘,126,126,670,4)|(岗厦北,116,129,1579,2)|(龙胜,115,184,753,4)|(购物公园,113,145,1512,1-3)|(高新园,96,108,2476,1)|(科苑,96,96,2955,2)
117	红岭	3	27	(老街,576,493,408,3)|(益田,368,397,1301,3)|(华新,354,348,420,3)|(罗湖,346,374,1125,1)|(石厦,301,313,1213,3)|(福田,287,281,1003,3)|(大芬,285,257,1564,3)|(翠竹,274,267,632,3)|(国贸,265,159,672,1)|(布吉,262,225,1365,3-5)|(购物公园,244,258,1239,1-3)|(少年宫,224,208,853,3-4)|(丹竹头,222,246,1720,3)|(莲花村,218,231,602,3)|(晒布,216,248,463,3)|(木棉湾,211,188,1432,3)|(深圳北,195,192,1817,4-5)|(龙华,144,158,2434,4)|(草埔,143,139,1081,3)|(双龙,136,168,3495,3)|(横岗,133,140,2368,3)|(五和,129,129,2653,5)|(上梅林,118,97,1621,4)|(清湖,110,159,2674,4)|(田贝,104,104,814,3)|(通新岭,101,108,735,3)|(六约,95,101,2012,3)
118	机场北	11	25	(福永,2553,910,461,11)|(机场,1501,1025,647,11)|(桥头,1142,1246,658,11)|(碧海湾,607,580,804,11)|(碧头,382,565,1609,11)|(沙井,377,580,1146,11)|(竹子林,251,297,2530,1)|(塘朗,229,431,3320,5)|(松岗,193,359,1464,11)|(宝安,193,158,1101,11)|(鲤鱼门,179,215,1599,1)|(马鞍山,166,321,1132,11)|(南山,157,302,1429,11)|(福田,116,119,2484,3)|(塘尾,112,210,900,11)|(后海,89,129,1882,2-11)|(后亭,71,143,1287,11)|(西丽,62,52,2882,5)|(老街,58,76,3826,3)|(大剧院,58,57,3727,1-2)|(红树湾南,53,52,2005,11)|(前海湾,53,52,1441,1-11)|(侨城东,44,86,2685,1)|(坪洲,44,62,2097,1)|(益田,44,67,3115,3)
119	科学馆	1	27	(老街,738,491,519,3)|(罗湖,614,542,754,1)|(国贸,428,225,609,1)|(大剧院,404,493,415,1-2)|(布吉,345,263,1607,3-5)|(丹竹头,317,297,1808,3)|(岗厦,308,402,498,1)|(木棉湾,269,235,1564,3)|(草埔,269,219,1197,3)|(会展中心,243,175,611,1)|(大芬,198,187,1722,3)|(深圳北,191,179,1824,4-5)|(世界之窗,186,195,1563,1)|(购物公园,180,230,733,1-3)|(晒布,174,162,698,3)|(龙华,172,158,2363,4)|(华强路,152,405,323,1)|(白石洲,129,199,1605,1)|(清湖,128,156,2560,4)|(白石龙,125,115,1683,4)|(长龙,123,111,2072,5)|(横岗,121,101,2467,3)|(竹子林,117,171,1083,1)|(桃园,108,135,2040,1)|(上梅林,106,104,1346,4)|(翠竹,101,101,961,3)|(大新,100,119,2277,1)
120	会展中心	1	28	(深圳北,387,313,1344,4-5)|(白石龙,375,315,1143,4)|(民乐,358,322,1017,4)|(龙华,342,309,1884,4)|(上梅林,336,277,794,4)|(大剧院,307,366,778,1-2)|(老街,264,196,1013,3)|(福田口岸,261,200,559,4)|(世界之窗,260,224,1127,1)|(福民,258,469,449,4)|(清湖,233,266,2011,4)|(国贸,228,121,1035,1)|(五和,219,168,2361,5)|(华强路,214,355,573,1)|(红山,194,168,1410,4)|(民治,191,141,1927,5)|(莲花北,172,269,600,4)|(罗湖,154,160,1158,1)|(上塘,154,148,1545,4)|(桃园,154,128,1781,1)|(白石洲,154,175,1309,1)|(竹子林,134,165,778,1)|(大新,133,114,1893,1)|(少年宫,133,202,566,3-4)|(岗厦,131,263,366,1)|(龙胜,126,171,1687,4)|(黄贝岭,120,112,1473,5)|(布吉,119,114,2479,3-5)
121	后亭	11	26	(碧海湾,677,731,1888,11)|(沙井,573,566,1015,11)|(南山,420,385,2518,11)|(福永,391,410,1155,11)|(松岗,301,280,570,11)|(桥头,287,306,968,11)|(深圳北,282,244,4433,4-5)|(宝安,258,260,2178,11)|(塘尾,230,250,919,11)|(马鞍山,212,232,748,11)|(机场,207,172,1505,11)|(福田,199,181,3441,3)|(大新,183,169,2891,1)|(老街,173,179,4647,3)|(灵芝,172,159,3070,5)|(罗湖,172,133,5038,1)|(五和,152,144,5085,5)|(西丽,144,158,3827,5)|(后海,142,183,2976,2-11)|(桃园,132,144,3191,1)|(黄贝岭,121,106,4879,5)|(碧头,117,124,600,11)|(民治,114,119,4541,5)|(翻身,111,115,3109,5)|(华强路,109,168,3974,1)|(洪浪北,97,107,3277,5)
122	购物公园	1-3	23	(益田,454,452,625,3)|(石厦,373,387,526,3)|(岗厦,367,480,383,1)|(世界之窗,349,330,1105,1)|(大剧院,316,386,890,1-2)|(白石洲,275,292,1148,1)|(老街,273,235,1209,3)|(华强路,260,458,698,1)|(国贸,245,141,1082,1)|(桃园,217,188,1630,1)|(大新,216,186,1697,1)|(竹子林,215,274,655,1)|(福民,197,208,742,4)|(罗湖,165,184,1471,1)|(华新,152,176,890,3)|(布吉,151,118,2376,3-5)|(大芬,138,106,2444,3)|(会展中心,137,122,385,1)|(车公庙,133,170,500,1)|(景田,126,133,1020,2)|(坪洲,125,129,2549,1)|(少年宫,120,185,784,3-4)|(民乐,113,103,1292,4)
123	红树湾	2	28	(世界之窗,1022,1145,483,1)|(科苑,525,621,414,2)|(海月,435,458,812,2)|(东角头,422,445,1110,2)|(后海,408,448,576,2-11)|(侨城北,360,334,535,2)|(水湾,357,337,1219,2)|(登良,299,305,701,2)|(景田,254,250,1334,2)|(海上世界,234,211,1366,2)|(湾厦,226,235,889,2)|(华侨城,217,189,755,1)|(白石洲,187,202,726,1)|(侨香,175,174,976,2)|(黄贝岭,172,174,2466,5)|(华强北,171,164,2021,2)|(桃园,161,122,1241,1)|(大新,152,109,1518,1)|(大剧院,149,180,2375,1-2)|(香梅北,132,147,1175,2)|(湖贝,131,122,2520,2)|(莲花西,117,112,1552,2)|(福田,108,98,1626,3)|(竹子林,90,83,1030,1)|(龙华,88,91,3553,4)|(燕南,88,83,2092,2)|(侨城东,87,85,899,1)|(深康,83,88,753,2)
124	横岗	3	29	(双龙,704,724,1453,3)|(布吉,431,382,1285,3-5)|(老街,399,407,2261,3)|(南联,394,366,1301,3)|(龙城广场,391,356,1099,3)|(荷坳,377,401,468,3)|(大运,338,369,669,3)|(丹竹头,296,313,903,3)|(吉祥,283,271,918,3)|(罗湖,282,256,2636,1)|(爱联,270,273,810,3)|(大芬,263,280,974,3)|(草埔,239,216,1472,3)|(塘坑,229,202,424,3)|(华新,229,247,2649,3)|(深圳北,224,217,2976,4-5)|(木棉湾,184,236,999,3)|(田贝,166,170,1694,3)|(翠竹,163,162,1922,3)|(国贸,161,88,2641,1)|(五和,161,164,2451,5)|(永湖,154,165,470,3)|(晒布,152,163,2060,3)|(华强路,142,163,2720,1)|(民治,133,129,2710,5)|(大剧院,122,141,2612,1-2)|(益田,122,127,3375,3)|(六约,120,136,590,3)|(长龙,110,118,1731,5)
125	香梅北	2	27	(华强北,641,620,1084,2)|(福田,470,490,640,3)|(大剧院,457,573,1368,1-2)|(景田,440,427,751,2)|(侨香,337,357,547,2)|(深康,319,262,702,2)|(世界之窗,307,354,1064,1)|(燕南,302,314,1167,2)|(科苑,291,253,1463,2)|(湖贝,272,268,1547,2)|(岗厦北,232,261,893,2)|(黄贝岭,223,216,1678,5)|(莲花西,192,227,517,2)|(会展中心,161,107,1148,1)|(香蜜,155,159,486,2)|(益田,152,150,1250,3)|(老街,134,133,1739,3)|(石厦,118,121,1195,3)|(购物公园,116,123,1594,1-3)|(深大,111,99,1557,1)|(水湾,109,100,2118,2)|(侨城北,107,100,794,2)|(桃园,107,95,1598,1)|(海月,105,105,1780,2)|(后海,101,116,1481,2-11)|(登良,99,102,1559,2)|(大新,97,98,1800,1)
126	侨香	2	27	(景田,675,745,733,2)|(大剧院,476,515,1637,1-2)|(华强北,415,396,1396,2)|(世界之窗,363,403,815,1)|(福田,319,309,889,3)|(黄贝岭,298,300,1920,5)|(香梅北,286,288,547,2)|(深康,270,301,437,2)|(湖贝,241,227,1816,2)|(岗厦北,241,247,1144,2)|(燕南,217,232,1355,2)|(莲花西,175,176,829,2)|(石厦,159,145,1375,3)|(益田,151,157,1536,3)|(科苑,144,143,1143,2)|(大新,134,130,1562,1)|(香蜜,125,133,334,2)|(桃园,122,114,1575,1)|(老街,121,106,2078,3)|(龙华,118,109,2805,4)|(市民中心,117,105,1242,2-4)|(新秀,115,125,2029,2)|(翠竹,109,113,2307,3)|(购物公园,107,109,1473,1-3)|(海月,106,101,1480,2)|(白石洲,103,113,1191,1)|(福民,101,102,1671,4)
127	爱联	3	28	(双龙,711,775,837,3)|(南联,607,583,702,3)|(横岗,489,494,810,3)|(龙城广场,468,494,494,3)|(布吉,427,364,1902,3-5)|(老街,330,358,2988,3)|(大芬,329,329,1574,3)|(丹竹头,287,274,1459,3)|(罗湖,266,241,3125,1)|(吉祥,258,289,433,3)|(草埔,254,222,2099,3)|(木棉湾,233,271,1678,3)|(大运,230,219,388,3)|(塘坑,227,213,988,3)|(华新,215,242,3080,3)|(翠竹,188,168,2469,3)|(深圳北,177,168,3538,4-5)|(荷坳,161,170,546,3)|(六约,157,154,1110,3)|(晒布,150,175,2690,3)|(益田,144,156,3993,3)|(田贝,134,135,2265,3)|(五和,134,135,3090,5)|(华强路,120,141,3255,1)|(民治,114,108,3258,5)|(长龙,109,109,2570,5)|(大剧院,107,129,2906,1-2)|(永湖,106,117,767,3)
128	固戍	1	27	(西乡,890,556,632,1)|(深大,647,521,1707,1)|(坪洲,574,624,778,1)|(桃园,443,473,1544,1)|(高新园,417,366,1992,1)|(大新,401,420,1364,1)|(宝体,347,350,744,1)|(后瑞,300,305,678,1)|(深圳北,268,273,3055,4-5)|(宝安中心,250,298,937,1)|(兴东,249,256,1611,5)|(机场东,247,340,960,1)|(华强路,221,299,3334,1)|(灵芝,192,199,1366,5)|(西丽,181,186,1828,5)|(宝华,157,139,1158,5)|(翻身,156,172,1307,5)|(洪浪北,155,136,1501,5)|(五和,153,161,3107,5)|(大学城,143,130,2196,5)|(白石洲,142,183,1948,1)|(民治,137,147,2990,5)|(老街,133,159,3817,3)|(罗湖,131,130,3973,1)|(南山,127,136,1642,11)|(世界之窗,104,146,2127,1)|(新安,95,110,876,1)
129	大运	3	28	(横岗,608,538,669,3)|(布吉,507,382,1729,3-5)|(双龙,500,469,941,3)|(丹竹头,375,359,1292,3)|(老街,374,368,2754,3)|(南联,371,323,808,3)|(大芬,358,332,1461,3)|(草埔,320,282,1799,3)|(木棉湾,279,313,1512,3)|(塘坑,261,226,928,3)|(罗湖,257,227,3041,1)|(龙城广场,249,230,676,3)|(深圳北,214,207,3239,4-5)|(吉祥,208,186,512,3)|(翠竹,199,187,2264,3)|(爱联,197,205,388,3)|(荷坳,169,159,379,3)|(晒布,167,172,2566,3)|(五和,163,171,2922,5)|(永湖,162,178,522,3)|(六约,155,154,1805,3)|(田贝,146,142,2208,3)|(华新,136,159,2945,3)|(民治,130,133,2929,5)|(益田,124,156,3824,3)|(大剧院,119,162,2902,1-2)|(西丽,108,114,4101,5)|(黄贝岭,102,115,2986,5)
130	岗厦	1	26	(华强路,823,996,419,1)|(大剧院,494,537,623,1-2)|(购物公园,449,431,383,1-3)|(老街,440,392,701,3)|(国贸,393,213,891,1)|(科学馆,382,162,498,1)|(会展中心,354,124,366,1)|(罗湖,316,329,1028,1)|(深圳北,211,180,1573,4-5)|(世界之窗,207,214,1502,1)|(竹子林,197,250,811,1)|(龙华,174,191,2216,4)|(白石洲,160,229,1374,1)|(桃园,147,149,1832,1)|(车公庙,143,148,691,1)|(布吉,140,152,1812,3-5)|(大新,136,147,1921,1)|(高新园,131,147,1464,1)|(民乐,129,123,1273,4)|(丹竹头,128,179,2353,3)|(大芬,121,140,2125,3)|(坪洲,116,160,2742,1)|(福民,112,114,599,4)|(白石龙,108,115,1459,4)|(草埔,108,125,1576,3)|(木棉湾,100,119,2175,3)
131	六约	3	28	(布吉,394,349,930,3-5)|(老街,384,413,1907,3)|(双龙,356,413,2267,3)|(草埔,338,273,1107,3)|(华新,290,316,2243,3)|(田贝,286,284,1620,3)|(大芬,283,300,556,3)|(丹竹头,282,292,401,3)|(罗湖,273,236,2106,1)|(翠竹,261,244,1528,3)|(横岗,242,233,590,3)|(国贸,232,123,2038,1)|(吉祥,210,203,1374,3)|(南联,208,204,1645,3)|(深圳北,198,182,2614,4-5)|(布心,196,216,1573,5)|(龙城广场,191,187,1490,3)|(木棉湾,185,225,715,3)|(晒布,184,205,1646,3)|(大剧院,181,213,2160,1-2)|(水贝,178,168,1308,3)|(大运,171,183,1805,3)|(五和,168,170,2100,5)|(益田,150,158,3084,3)|(爱联,149,170,1110,3)|(华强路,144,176,2312,1)|(民治,139,131,2276,5)|(福田,132,126,2737,3)
